CompanyID,SecurityID,MfSchemeAssetAllocationID,Name,SectorName,EquitySectorName,Type,NoOfShare,PrevNoOfShare,SharesZG,MarketValue,PrevMarketValue,MarketValueZG,HoldingPercentage,Priority,SecuritySlug,McapCategory,Month
171875,5051.0,1,HDFC Bank Ltd.,Bank,Banking,Domestic Equities,201760932.0,199991219.0,0.8848953513304001,15089.7001,15967.2989,-5.496225789322444,12.2726885167601,1100,hdfc-bank,Large Cap,Jul-2026
171888,8748.0,1,ICICI Bank Ltd.,Bank,Banking,Domestic Equities,94906119.0,94073796.0,0.8847554105289852,13621.4007,12948.3173,5.198230661214959,11.078497706729,1100,icici-bank,Large Cap,Jul-2026
171531,4897.0,1,Reliance Industries Ltd.,Crude Oil,Crude Oil,Domestic Equities,89568528.0,88783084.0,0.8846775360946011,11709.293700000002,11487.1993,1.9334077367318052,9.5233512514514,1100,reliance-industries,Large Cap,Jul-2026
133593,6508.0,1,Bharti Airtel Ltd.,Telecom,Telecom,Domestic Equities,40329937.0,39976181.0,0.8849169459183707,7949.6355,7403.7886,7.372534920837699,6.46556258021844,1100,bharti-airtel,Large Cap,Jul-2026
152372,4964.0,1,Larsen & Toubro Ltd.,Infrastructure,Infrastructure,Domestic Equities,15478856.0,15343124.0,0.8846438313344793,6096.5022,6358.1139,-4.114611724712897,4.95838035524262,1100,larsen-toubro,Large Cap,Jul-2026
133350,8843.0,1,State Bank Of India,Bank,Banking,Domestic Equities,54985655.0,54503483.0,0.8846627288021208,5645.9271,5598.0527,0.8551973796173701,4.59192059666147,1100,state-bank-of-india,Large Cap,Jul-2026
171889,4926.0,1,Infosys Ltd.,IT,Information Technology,Domestic Equities,46170243.0,45765377.0,0.8846556644775372,5217.2375,4579.2836,13.93130357770373,4.24326065668198,1100,infosys,Large Cap,Jul-2026
171400,5889.0,1,Axis Bank Ltd.,Bank,Banking,Domestic Equities,37867255.0,37535096.0,0.8849291340562976,4655.9683,5052.2239,-7.843191589351374,3.78677165955134,1100,axis-bank,Large Cap,Jul-2026
171484,6114.0,1,Bajaj Finance Ltd.,Finance,Finance,Domestic Equities,35438984.0,35128227.0,0.8846361645294537,4046.0688,3529.5085999999997,14.635470784799907,3.29073088071388,1100,bajaj-finance,Large Cap,Jul-2026
171656,5311.0,1,Mahindra & Mahindra Ltd.,Automobile & Ancillaries,Automobile & Ancillaries,Domestic Equities,11852139.0,11748186.0,0.8848429876748631,4025.4012,3606.9281,11.601925195015669,3.27392159918356,1100,mahindra-mahindra,Large Cap,Jul-2026
171492,5886.0,1,Kotak Mahindra Bank Ltd.,Bank,Banking,Domestic Equities,97433186.0,96578686.0,0.8847707867965815,3801.8428999999996,3795.0595000000003,0.17874291562489794,3.09209814589727,1100,kotak-mahindra-bank,Large Cap,Jul-2026
152408,5535.0,1,ITC Ltd.,FMCG,Fast Moving Consumer Goods,Domestic Equities,127711666.0,126591400.0,0.8849463707645228,3588.0593,3633.1732,-1.2417216993673776,2.91822460862322,1100,itc,Large Cap,Jul-2026
171915,6797.0,1,Tata Consultancy Services Ltd.,IT,Information Technology,Domestic Equities,13410444.0,13292849.0,0.8846485806014949,3172.3746,2703.8320000000003,17.32883551936659,2.58014175671267,1100,tata-consultancy-services,Large Cap,Jul-2026
156921,98676.0,1,Eternal Ltd.,Retailing,Information Technology,Domestic Equities,95809957.0,94969810.0,0.88464639446999,2896.8140000000003,2513.376,15.255894860140312,2.35602402151053,1100,eternal,Large Cap,Jul-2026
420,5071.0,1,Sun Pharmaceutical Industries Ltd.,Healthcare,Healthcare,Domestic Equities,14292277.0,14166921.0,0.8848499966930006,2843.2340999999997,2638.8723999999997,7.744281231635143,2.31244665290139,1100,sun-pharmaceutical-industries,Large Cap,Jul-2026
171461,6050.0,1,Titan Company Ltd.,Diamond  &  Jewellery,Diamond & Jewellery,Domestic Equities,5405921.0,5358515.0,0.8846854025788862,2635.5487,2360.5866,11.648041211451421,2.14353287682981,1100,titan-company,Large Cap,Jul-2026
171717,5016.0,1,Hindustan Unilever Ltd.,FMCG,Fast Moving Consumer Goods,Domestic Equities,11819082.0,11715442.0,0.8846443864431236,2482.9527,2482.385,0.02286913593177107,2.01942416926818,1100,hindustan-unilever,Large Cap,Jul-2026
133625,7239.0,1,Maruti Suzuki India Ltd.,Automobile & Ancillaries,Automobile & Ancillaries,Domestic Equities,1706403.0,1691436.0,0.8848694245599596,2429.8154999999997,2388.2653,1.73976484103336,1.97620685547592,1100,maruti-suzuki-india,Large Cap,Jul-2026
133664,7760.0,1,NTPC Ltd.,Power,Power,Domestic Equities,62896295.0,62344640.0,0.8848475185677549,2183.4449,2224.145,-1.8299211607156949,1.77582980268829,1100,ntpc,Large Cap,Jul-2026
152362,5226.0,1,Tata Steel Ltd.,Iron & Steel,Iron & Steel,Domestic Equities,109064818.0,108108308.0,0.8847701140600591,2070.0501999999997,2034.0578,1.7694875730669948,1.68360412402477,1100,tata-steel,Large Cap,Jul-2026
171528,8219.0,1,HCL Technologies Ltd.,IT,Information Technology,Domestic Equities,14009695.0,13886810.0,0.8849044524984498,1886.4054,1488.6660000000002,26.717839999032694,1.53424294300814,1100,hcl-technologies,Large Cap,Jul-2026
133654,6850.0,1,Ultratech Cement Ltd.,Construction Materials,Construction Materials,Domestic Equities,1560288.0,1546601.0,0.884972918031218,1857.4760999999999,1742.9960999999998,6.568000926680215,1.51071429197101,1100,ultratech-cement,Large Cap,Jul-2026
133309,5981.0,1,Bharat Electronics Ltd.,Capital Goods,Capital Goods,Domestic Equities,47414021.0,46998154.0,0.8848581584715008,1838.7157,1937.0289000000002,-5.075463768248375,1.49545616595631,1100,bharat-electronics,Large Cap,Jul-2026
517,7825.0,1,Power Grid Corporation Of India Ltd.,Power,Power,Domestic Equities,60327340.0,59798201.0,0.8848744463065035,1715.1063000000001,1712.0225,0.1801261373609311,1.3949227124158,1100,power-grid-corporation-of-india,Large Cap,Jul-2026
539,7794.0,1,Adani Ports and Special Economic Zone Ltd.,Logistics,Logistics,Domestic Equities,9759604.0,9674027.0,0.8846057593182238,1658.6447,1751.1924,-5.284839061658782,1.34900161223714,1100,adani-ports-and-special-economic-zone,Large Cap,Jul-2026
171658,4978.0,1,Asian Paints Ltd.,Chemicals,Chemicals,Domestic Equities,5967791.0,5915450.0,0.8848185683253176,1640.2474,1560.1998999999998,5.130592560607138,1.33403880111743,1100,asian-paints,Large Cap,Jul-2026
96486,15829.0,1,Interglobe Aviation Ltd.,Aviation,Aviation,Domestic Equities,2968607.0,2942575.0,0.8846673406795069,1534.9925,1580.0745000000002,-2.8531566074890846,1.24843334878888,1100,interglobe-aviation,Large Cap,Jul-2026
171708,8443.0,1,Bajaj Finserv Ltd.,Finance,Finance,Domestic Equities,7415544.0,7350522.0,0.884590237264782,1504.9105,1310.5981,14.82623849370756,1.22396718885763,1100,bajaj-finserv,Large Cap,Jul-2026
171369,7531.0,1,Tech Mahindra Ltd.,IT,Information Technology,Domestic Equities,8431905.0,8357963.0,0.8846892478466343,1392.6134,1174.461,18.57468234364529,1.13263420539857,1100,tech-mahindra,Large Cap,Jul-2026
152205,8185.0,1,Trent Ltd.,Retailing,Retailing,Domestic Equities,4376317.0,4337938.0,0.8847291040120905,1314.9082,1422.7351999999998,-7.5788523401965335,1.069435353903,1100,trent,Large Cap,Jul-2026
171875,5051.0,1,HDFC Bank Ltd.,Bank,Banking,Domestic Equities,199991219.0,198878779.0,0.5593558073885802,15967.2989,14811.4971,7.803409690435678,13.3680530790869,1100,hdfc-bank,Large Cap,Jun-2026
171888,8748.0,1,ICICI Bank Ltd.,Bank,Banking,Domestic Equities,94073796.0,93427613.0,0.6916402755575057,12948.3173,11734.5082,10.343928175873607,10.8405181136341,1100,icici-bank,Large Cap,Jun-2026
171531,4897.0,1,Reliance Industries Ltd.,Crude Oil,Crude Oil,Domestic Equities,88783084.0,88318540.0,0.5259869558532104,11487.1993,11662.9048,-1.506532917939967,9.61724903718373,1100,reliance-industries,Large Cap,Jun-2026
133593,6508.0,1,Bharti Airtel Ltd.,Telecom,Telecom,Domestic Equities,39976181.0,37214302.0,7.421552606307112,7403.7886,6809.100799999999,8.733720023648354,6.19855866737351,1100,bharti-airtel,Large Cap,Jun-2026
152372,4964.0,1,Larsen & Toubro Ltd.,Infrastructure,Infrastructure,Domestic Equities,15343124.0,15262298.0,0.5295794905852316,6358.1139,6221.9047,2.189188143624257,5.32310471735956,1100,larsen-toubro,Large Cap,Jun-2026
133350,8843.0,1,State Bank Of India,Bank,Banking,Domestic Equities,54503483.0,54218565.0,0.5254989688495075,5598.0527,5226.6697,7.105537968087031,4.68677051151875,1100,state-bank-of-india,Large Cap,Jun-2026
171400,5889.0,1,Axis Bank Ltd.,Bank,Banking,Domestic Equities,37535096.0,37310005.0,0.6032993026937413,5052.2239,4805.1555,5.141735787738821,4.22979476275924,1100,axis-bank,Large Cap,Jun-2026
171889,4926.0,1,Infosys Ltd.,IT,Information Technology,Domestic Equities,45765377.0,45523528.0,0.5312615489730937,4579.2836,5279.5912,-13.26442850347959,3.83384231812634,1100,infosys,Large Cap,Jun-2026
171492,5886.0,1,Kotak Mahindra Bank Ltd.,Bank,Banking,Domestic Equities,96578686.0,96072441.0,0.5269409153453278,3795.0595,3695.9068,2.682770572028499,3.17727858368662,1100,kotak-mahindra-bank,Large Cap,Jun-2026
152408,5535.0,1,ITC Ltd.,FMCG,Fast Moving Consumer Goods,Domestic Equities,126591400.0,125927258.0,0.5274013033778596,3633.1732,3614.1123,0.5274019847142065,3.04174503698406,1100,itc,Large Cap,Jun-2026
171656,5311.0,1,Mahindra & Mahindra Ltd.,Automobile & Ancillaries,Automobile & Ancillaries,Domestic Equities,11748186.0,11686776.0,0.5254657058542065,3606.9281,3546.7028000000005,1.6980644670875635,3.01977226049486,1100,mahindra-mahindra,Large Cap,Jun-2026
171484,6114.0,1,Bajaj Finance Ltd.,Finance,Finance,Domestic Equities,35128227.0,34924998.0,0.5819012502162492,3529.5086,3159.6646,11.705166428107578,2.95495553777688,1100,bajaj-finance,Large Cap,Jun-2026
171915,6797.0,1,Tata Consultancy Services Ltd.,IT,Information Technology,Domestic Equities,13292849.0,13223357.0,0.5255246455192883,2703.8320000000003,2980.4124,-9.279937232847368,2.26368717209482,1100,tata-consultancy-services,Large Cap,Jun-2026
420,5071.0,1,Sun Pharmaceutical Industries Ltd.,Healthcare,Healthcare,Domestic Equities,14166921.0,14092868.0,0.525464369637181,2638.8724,2537.9846,3.975114742619005,2.20930205747808,1100,sun-pharmaceutical-industries,Large Cap,Jun-2026
156921,98676.0,1,Eternal Ltd.,Retailing,Information Technology,Domestic Equities,94969810.0,93213643.0,1.8840235650912176,2513.376,2338.7303,7.467543393096676,2.10423466023443,1100,eternal,Large Cap,Jun-2026
171717,5016.0,1,Hindustan Unilever Ltd.,FMCG,Fast Moving Consumer Goods,Domestic Equities,11715442.0,11654200.0,0.5254929553294091,2482.385,2500.933,-0.7416432187507576,2.07828854777242,1100,hindustan-unilever,Large Cap,Jun-2026
133625,7239.0,1,Maruti Suzuki India Ltd.,Automobile & Ancillaries,Automobile & Ancillaries,Domestic Equities,1691436.0,1723621.0,-1.86728985084308,2388.2653,2261.3649,5.611672844130555,1.99949017659721,1100,maruti-suzuki-india,Large Cap,Jun-2026
171461,6050.0,1,Titan Company Ltd.,Diamond  &  Jewellery,Diamond & Jewellery,Domestic Equities,5358515.0,5330499.0,0.5255793125559165,2360.5866,2171.9918,8.683034622874732,1.9763171694983,1100,titan-company,Large Cap,Jun-2026
133664,7760.0,1,NTPC Ltd.,Power,Power,Domestic Equities,62344640.0,62018751.0,0.5254684990350741,2224.145,2398.5752,-7.27224228783821,1.86208629285356,1100,ntpc,Large Cap,Jun-2026
152362,5226.0,1,Tata Steel Ltd.,Iron & Steel,Iron & Steel,Domestic Equities,108108308.0,107543165.0,0.5255034106537594,2034.0578,2246.5767,-9.459677027719556,1.70294254567569,1100,tata-steel,Large Cap,Jun-2026
133309,5981.0,1,Bharat Electronics Ltd.,Capital Goods,Capital Goods,Domestic Equities,46998154.0,46752462.0,0.525516709686861,1937.0289,1921.0587,0.8313228533828866,1.62170855027492,1100,bharat-electronics,Large Cap,Jun-2026
539,7794.0,1,Adani Ports and Special Economic Zone Ltd.,Logistics,Logistics,Domestic Equities,9674027.0,9623452.0,0.5255390685172014,1751.1924,1736.7925,0.8291088313658601,1.46612355048314,1100,adani-ports-and-special-economic-zone,Large Cap,Jun-2026
133654,6850.0,1,Ultratech Cement Ltd.,Construction Materials,Construction Materials,Domestic Equities,1546601.0,1538513.0,0.5257024152542098,1742.9960999999998,1761.4897,-1.0498840839092134,1.45926148983417,1100,ultratech-cement,Large Cap,Jun-2026
517,7825.0,1,Power Grid Corporation Of India Ltd.,Power,Power,Domestic Equities,59798201.0,59485594.0,0.5255171529429461,1712.0225,1723.5951,-0.6714221919057494,1.43332994490327,1100,power-grid-corporation-of-india,Large Cap,Jun-2026
96486,15829.0,1,Interglobe Aviation Ltd.,Aviation,Aviation,Domestic Equities,2942575.0,2926864.0,0.5367861301379223,1580.0745000000002,1289.5616,22.528035884443216,1.32286117503015,1100,interglobe-aviation,Large Cap,Jun-2026
171658,4978.0,1,Asian Paints Ltd.,Chemicals,Chemicals,Domestic Equities,5915450.0,5884527.0,0.525496781644472,1560.1998999999998,1572.4045,-0.7761743241004595,1.30622187307999,1100,asian-paints,Large Cap,Jun-2026
171528,8219.0,1,HCL Technologies Ltd.,IT,Information Technology,Domestic Equities,13886810.0,13814218.0,0.5254875809835924,1488.6660000000002,1636.0869,-9.010578839057995,1.24633265962297,1100,hcl-technologies,Large Cap,Jun-2026
152205,8185.0,1,Trent Ltd.,Retailing,Retailing,Domestic Equities,4337938.0,2876841.0,50.7882430763466,1422.7351999999998,1217.0764,16.897772399497672,1.19113444234988,1100,trent,Large Cap,Jun-2026
171708,8443.0,1,Bajaj Finserv Ltd.,Finance,Finance,Domestic Equities,7350522.0,7312091.0,0.5255815333808072,1310.5981,1304.9523,0.4326441663806422,1.09725164386761,1100,bajaj-finserv,Large Cap,Jun-2026
171369,7531.0,1,Tech Mahindra Ltd.,IT,Information Technology,Domestic Equities,8357963.0,8312794.0,0.5433672481237957,1174.461,1232.9536,-4.744103914372767,0.983275699017413,1100,tech-mahindra,Large Cap,Jun-2026
171875,5051.0,1,HDFC Bank Ltd.,Bank,Banking,Domestic Equities,198878779.0,197670865.0,0.6110733617723584,14811.4971,15244.3771,-2.839604381080288,12.8030407690666,1100,hdfc-bank,Large Cap,May-2026
171888,8748.0,1,ICICI Bank Ltd.,Bank,Banking,Domestic Equities,93427613.0,92860153.0,0.6110909595421408,11734.5082,11725.9158,0.0732770057925872,10.1432951628871,1100,icici-bank,Large Cap,May-2026
171531,4897.0,1,Reliance Industries Ltd.,Crude Oil,Crude Oil,Domestic Equities,88318540.0,87782107.0,0.6110960631191047,11662.9048,12560.3028,-7.144716288209234,10.0814012676775,1100,reliance-industries,Large Cap,May-2026
133593,6508.0,1,Bharti Airtel Ltd.,Telecom,Telecom,Domestic Equities,37214302.0,36988318.0,0.6109604659503576,6809.100799999999,6976.1817,-2.395019326976544,5.88577876729853,1100,bharti-airtel,Large Cap,May-2026
152372,4964.0,1,Larsen & Toubro Ltd.,Infrastructure,Infrastructure,Domestic Equities,15262298.0,15169616.0,0.6109712994712589,6221.9047,6087.036,2.215671141093957,5.37820714526872,1100,larsen-toubro,Large Cap,May-2026
171889,4926.0,1,Infosys Ltd.,IT,Information Technology,Domestic Equities,45523528.0,45247082.0,0.6109697858527098,5279.5912,5345.9427000000005,-1.2411562136646217,4.56367245803971,1100,infosys,Large Cap,May-2026
133350,8843.0,1,State Bank Of India,Bank,Banking,Domestic Equities,54218565.0,53889216.0,0.6111593829830443,5226.6697,5755.368299999999,-9.18618188170512,4.51792717533901,1100,state-bank-of-india,Large Cap,May-2026
171400,5889.0,1,Axis Bank Ltd.,Bank,Banking,Domestic Equities,37310005.0,37083436.0,0.6109708927727193,4805.1555,4701.0672,2.214141929304907,4.15357079388041,1100,axis-bank,Large Cap,May-2026
171492,5886.0,1,Kotak Mahindra Bank Ltd.,Bank,Banking,Domestic Equities,96072441.0,95488933.0,0.6110739555546191,3695.9068,3653.884,1.1500857717431558,3.1947375150261,1100,kotak-mahindra-bank,Large Cap,May-2026
152408,5535.0,1,ITC Ltd.,FMCG,Fast Moving Consumer Goods,Domestic Equities,125927258.0,125162432.0,0.6110667456509634,3614.1123,3941.9908,-8.317586636681149,3.12403444489652,1100,itc,Large Cap,May-2026
171656,5311.0,1,Mahindra & Mahindra Ltd.,Automobile & Ancillaries,Automobile & Ancillaries,Domestic Equities,11686776.0,11615807.0,0.6109691732997974,3546.7028000000005,3597.2993,-1.406513491941014,3.06576575194161,1100,mahindra-mahindra,Large Cap,May-2026
171484,6114.0,1,Bajaj Finance Ltd.,Finance,Finance,Domestic Equities,34924998.0,34712912.0,0.6109715024772339,3159.6646,3251.2113,-2.8157720785480733,2.73121038455839,1100,bajaj-finance,Large Cap,May-2026
171915,6797.0,1,Tata Consultancy Services Ltd.,IT,Information Technology,Domestic Equities,13223357.0,13143058.0,0.6109613150912063,2980.4124,3250.9354,-8.321389591438818,2.57626499253958,1100,tata-consultancy-services,Large Cap,May-2026
420,5071.0,1,Sun Pharmaceutical Industries Ltd.,Healthcare,Healthcare,Domestic Equities,14092868.0,14007177.0,0.6117649544943995,2537.9846,2532.7777,0.205580616095918,2.19383091970245,1100,sun-pharmaceutical-industries,Large Cap,May-2026
171717,5016.0,1,Hindustan Unilever Ltd.,FMCG,Fast Moving Consumer Goods,Domestic Equities,11654200.0,11583325.0,0.6118709437920459,2500.933,2606.9431,-4.066452390157656,2.16180355999961,1100,hindustan-unilever,Large Cap,May-2026
133664,7760.0,1,NTPC Ltd.,Power,Power,Domestic Equities,62018751.0,61642112.0,0.611009239917023,2398.5752,2460.4449,-2.514573685433883,2.07332559740176,1100,ntpc,Large Cap,May-2026
156921,98676.0,1,Eternal Ltd.,Retailing,Information Technology,Domestic Equities,93213643.0,92647475.0,0.6110992231574579,2338.7303,2286.5397,2.2825144912200725,2.02159573583897,1100,eternal,Large Cap,May-2026
133625,7239.0,1,Maruti Suzuki India Ltd.,Automobile & Ancillaries,Automobile & Ancillaries,Domestic Equities,1723621.0,1713154.0,0.6109783475391004,2261.3649,2280.6962,-0.847605218090864,1.95472117456892,1100,maruti-suzuki-india,Large Cap,May-2026
152362,5226.0,1,Tata Steel Ltd.,Iron & Steel,Iron & Steel,Domestic Equities,107543165.0,106889997.0,0.6110655985891739,2246.5767,2258.5856,-0.5317000161516946,1.94193827178584,1100,tata-steel,Large Cap,May-2026
171461,6050.0,1,Titan Company Ltd.,Diamond  &  Jewellery,Diamond & Jewellery,Domestic Equities,5330499.0,5298129.0,0.6109704010604499,2171.9918,2323.7329,-6.530057735981624,1.8774671714636,1100,titan-company,Large Cap,May-2026
133309,5981.0,1,Bharat Electronics Ltd.,Capital Goods,Capital Goods,Domestic Equities,46752462.0,46468557.0,0.6109615153317544,1921.0587,2004.4212,-4.158931266542182,1.6605608933259,1100,bharat-electronics,Large Cap,May-2026
133654,6850.0,1,Ultratech Cement Ltd.,Construction Materials,Construction Materials,Domestic Equities,1538513.0,1529169.0,0.6110508387235158,1761.4897,1771.2059,-0.5485641166845681,1.52262963636477,1100,ultratech-cement,Large Cap,May-2026
539,7794.0,1,Adani Ports and Special Economic Zone Ltd.,Logistics,Logistics,Domestic Equities,9623452.0,9565014.0,0.6109557184129578,1736.7925,1583.1533,9.704631888775404,1.50128140557169,1100,adani-ports-and-special-economic-zone,Large Cap,May-2026
517,7825.0,1,Power Grid Corporation Of India Ltd.,Power,Power,Domestic Equities,59485594.0,59124364.0,0.6109664029536115,1723.5951,1881.6329,-8.398970915102515,1.48987358844795,1100,power-grid-corporation-of-india,Large Cap,May-2026
171528,8219.0,1,HCL Technologies Ltd.,IT,Information Technology,Domestic Equities,13814218.0,13730339.0,0.6109026150046258,1636.0869,1646.1989999999998,-0.6142695992404271,1.41423160272136,1100,hcl-technologies,Large Cap,May-2026
171658,4978.0,1,Asian Paints Ltd.,Chemicals,Chemicals,Domestic Equities,5884527.0,5848791.0,0.6109980678058081,1572.4045,1429.7954,9.974091397972048,1.35918461064707,1100,asian-paints,Large Cap,May-2026
171708,8443.0,1,Bajaj Finserv Ltd.,Finance,Finance,Domestic Equities,7312091.0,7267690.0,0.6109369001704805,1304.9523,1269.6291,2.782166854871232,1.12799924179084,1100,bajaj-finserv,Large Cap,May-2026
96486,15829.0,1,Interglobe Aviation Ltd.,Aviation,Aviation,Domestic Equities,2926864.0,2909091.0,0.6109468559079108,1289.5616,1249.6437,3.1943425153905936,1.11469553871247,1100,interglobe-aviation,Large Cap,May-2026
171369,7531.0,1,Tech Mahindra Ltd.,IT,Information Technology,Domestic Equities,8312794.0,8262317.0,0.6109303237820577,1232.9536,1217.9068,1.235463994453441,1.06576364972366,1100,tech-mahindra,Large Cap,May-2026
152205,8185.0,1,Trent Ltd.,Retailing,Retailing,Domestic Equities,2876841.0,2859371.0,0.610973532290843,1217.0764,1185.0091,2.7060804849515465,1.05203941661432,1100,trent,Large Cap,May-2026
171875,5051.0,1,HDFC Bank Ltd.,Bank,Banking,Domestic Equities,197670865.0,196585689.0,0.5520116980641454,15244.3771,14386.1407,5.965716712335498,12.9075281429395,1100,hdfc-bank,Large Cap,Apr-2026
171531,4897.0,1,Reliance Industries Ltd.,Crude Oil,Crude Oil,Domestic Equities,87782107.0,87300244.0,0.5519606566048085,12560.3028,11735.3353,7.029773576218141,10.6349023519525,1100,reliance-industries,Large Cap,Apr-2026
171888,8748.0,1,ICICI Bank Ltd.,Bank,Banking,Domestic Equities,92860153.0,92350330.0,0.5520532520024564,11725.9158,11130.0618,5.353555179720578,9.9284206365007,1100,icici-bank,Large Cap,Apr-2026
133593,6508.0,1,Bharti Airtel Ltd.,Telecom,Telecom,Domestic Equities,36988318.0,36785180.0,0.5522278265323154,6976.1817,6563.579699999999,6.28623432423622,5.90678523840829,1100,bharti-airtel,Large Cap,Apr-2026
152372,4964.0,1,Larsen & Toubro Ltd.,Infrastructure,Infrastructure,Domestic Equities,15169616.0,15086277.0,0.5524159472877238,6087.036,5286.684,15.139017198682566,5.15393892198362,1100,larsen-toubro,Large Cap,Apr-2026
133350,8843.0,1,State Bank Of India,Bank,Banking,Domestic Equities,53889216.0,53593468.0,0.5518359065698081,5755.368299999999,5251.088000000001,9.60334886789174,4.87311339898773,1100,state-bank-of-india,Large Cap,Apr-2026
171889,4926.0,1,Infosys Ltd.,IT,Information Technology,Domestic Equities,45247082.0,44998570.0,0.5522664386890517,5345.9427000000005,5630.2211,-5.049151622127232,4.52644968030815,1100,infosys,Large Cap,Apr-2026
171400,5889.0,1,Axis Bank Ltd.,Bank,Banking,Domestic Equities,37083436.0,36879839.0,0.5520550130384246,4701.0672,4285.2529,9.703378300029852,3.98042876975601,1100,axis-bank,Large Cap,Apr-2026
152408,5535.0,1,ITC Ltd.,FMCG,Fast Moving Consumer Goods,Domestic Equities,125162432.0,124475317.0,0.5520090380649523,3941.9908,3581.1549,10.075964600135007,3.33771310276814,1100,itc,Large Cap,Apr-2026
171492,5886.0,1,Kotak Mahindra Bank Ltd.,Bank,Banking,Domestic Equities,95488933.0,94964805.0,0.5519181553629263,3653.884,3354.1569,8.935989249638268,3.09377091970759,1100,kotak-mahindra-bank,Large Cap,Apr-2026
171656,5311.0,1,Mahindra & Mahindra Ltd.,Automobile & Ancillaries,Automobile & Ancillaries,Domestic Equities,11615807.0,11551920.0,0.553042264835629,3597.2993,3414.9208000000003,5.340636304068889,3.04586023087335,1100,mahindra-mahindra,Large Cap,Apr-2026
171484,6114.0,1,Bajaj Finance Ltd.,Finance,Finance,Domestic Equities,34712912.0,34522378.0,0.5519144712452891,3251.2113,2766.6234000000004,17.515499218288973,2.75282493198052,1100,bajaj-finance,Large Cap,Apr-2026
171915,6797.0,1,Tata Consultancy Services Ltd.,IT,Information Technology,Domestic Equities,13143058.0,13070881.0,0.5521969024123163,3250.9354,3083.4862,5.43051562870623,2.75259132538634,1100,tata-consultancy-services,Large Cap,Apr-2026
171717,5016.0,1,Hindustan Unilever Ltd.,FMCG,Fast Moving Consumer Goods,Domestic Equities,11583325.0,11519829.0,0.5511887372633744,2606.9431,2368.2464,10.079048362535245,2.20731822688196,1100,hindustan-unilever,Large Cap,Apr-2026
420,5071.0,1,Sun Pharmaceutical Industries Ltd.,Healthcare,Healthcare,Domestic Equities,14007177.0,13930374.0,0.5513348026406182,2532.7777,2448.0543,3.46084643629024,2.14452182782592,1100,sun-pharmaceutical-industries,Large Cap,Apr-2026
133664,7760.0,1,NTPC Ltd.,Power,Power,Domestic Equities,61642112.0,61303661.0,0.5520893768481462,2460.4449,2274.0593,8.196162694613987,2.08327710490066,1100,ntpc,Large Cap,Apr-2026
171461,6050.0,1,Titan Company Ltd.,Diamond  &  Jewellery,Diamond & Jewellery,Domestic Equities,5298129.0,5269110.0,0.5507381702033171,2323.7329,2082.405,11.58890321527273,1.96752203167582,1100,titan-company,Large Cap,Apr-2026
156921,98676.0,1,Eternal Ltd.,Retailing,Information Technology,Domestic Equities,92647475.0,92138941.0,0.5519208214038406,2286.5397,2110.4424,8.344094110315455,1.93603027097108,1100,eternal,Large Cap,Apr-2026
133625,7239.0,1,Maruti Suzuki India Ltd.,Automobile & Ancillaries,Automobile & Ancillaries,Domestic Equities,1713154.0,1703736.0,0.5527851732897585,2280.6962,2095.3908,8.843476834965587,1.93108253580234,1100,maruti-suzuki-india,Large Cap,Apr-2026
152362,5226.0,1,Tata Steel Ltd.,Iron & Steel,Iron & Steel,Domestic Equities,106889997.0,106303278.0,0.5519293581896882,2258.5856,2038.8969,10.77488027962571,1.91236132535962,1100,tata-steel,Large Cap,Apr-2026
133309,5981.0,1,Bharat Electronics Ltd.,Capital Goods,Capital Goods,Domestic Equities,46468557.0,46213475.0,0.5519645514646973,2004.4212,1851.3118,8.270319456722525,1.69715842632262,1100,bharat-electronics,Large Cap,Apr-2026
517,7825.0,1,Power Grid Corporation Of India Ltd.,Power,Power,Domestic Equities,59124364.0,58799687.0,0.5521747080048233,1881.6329,1741.6467000000002,8.037577311173383,1.59319265405937,1100,power-grid-corporation-of-india,Large Cap,Apr-2026
133654,6850.0,1,Ultratech Cement Ltd.,Construction Materials,Construction Materials,Domestic Equities,1529169.0,1520872.0,0.5455422941575623,1771.2059,1634.1694,8.38569734569745,1.49969328698845,1100,ultratech-cement,Large Cap,Apr-2026
171528,8219.0,1,HCL Technologies Ltd.,IT,Information Technology,Domestic Equities,13730339.0,13654860.0,0.5527628990703676,1646.1989999999998,1831.3215,-10.108683811116729,1.39384900950652,1100,hcl-technologies,Large Cap,Apr-2026
539,7794.0,1,Adani Ports and Special Economic Zone Ltd.,Logistics,Logistics,Domestic Equities,9565014.0,9512405.0,0.5530567716576408,1583.1533,1249.3592999999998,26.717214175297688,1.34046774363365,1100,adani-ports-and-special-economic-zone,Large Cap,Apr-2026
171658,4978.0,1,Asian Paints Ltd.,Chemicals,Chemicals,Domestic Equities,5848791.0,5816651.0,0.552551631514423,1429.7954,1259.0141,13.564685256503484,1.21061846234081,1100,asian-paints,Large Cap,Apr-2026
171708,8443.0,1,Bajaj Finserv Ltd.,Finance,Finance,Domestic Equities,7267690.0,7227786.0,0.5520916086890232,1269.6291,1179.2856,7.6608668841542755,1.07500445783022,1100,bajaj-finserv,Large Cap,Apr-2026
96486,15829.0,1,Interglobe Aviation Ltd.,Aviation,Aviation,Domestic Equities,2909091.0,2893213.0,0.5488016264270899,1249.6437,1141.0109,9.520750415267724,1.0580826701274,1100,interglobe-aviation,Large Cap,Apr-2026
171369,7531.0,1,Tech Mahindra Ltd.,IT,Information Technology,Domestic Equities,8262317.0,8216918.0,0.5525064263754366,1217.9068,1139.44,6.886435441971489,1.03121079945453,1100,tech-mahindra,Large Cap,Apr-2026
152205,8185.0,1,Trent Ltd.,Retailing,Retailing,Domestic Equities,2859371.0,2843731.0,0.5499816965810057,1185.0091,936.9098,26.48059610434218,1.00335607073702,1100,trent,Large Cap,Apr-2026
171875,5051.0,1,HDFC Bank Ltd.,Bank,Banking,Domestic Equities,196585689.0,192745984.0,1.992106356934524,14386.1407,17104.2786,-15.891567037501368,13.0961804536681,1100,hdfc-bank,Large Cap,Mar-2026
171531,4897.0,1,Reliance Industries Ltd.,Crude Oil,Crude Oil,Domestic Equities,87300244.0,85671134.0,1.9015856612800293,11735.3353,11945.1262,-1.7562886861756288,10.6830644839377,1100,reliance-industries,Large Cap,Mar-2026
171888,8748.0,1,ICICI Bank Ltd.,Bank,Banking,Domestic Equities,92350330.0,90480858.0,2.0661519367997148,11130.0618,12477.3103,-10.797587521727346,10.1320639657916,1100,icici-bank,Large Cap,Mar-2026
133593,6508.0,1,Bharti Airtel Ltd.,Telecom,Telecom,Domestic Equities,36785180.0,35376818.0,3.981030741656867,6563.579699999999,6649.9574,-1.2989211028630077,5.97504403479334,1100,bharti-airtel,Large Cap,Mar-2026
171889,4926.0,1,Infosys Ltd.,IT,Information Technology,Domestic Equities,44998570.0,45237030.0,-0.5271345178938582,5630.2211,5880.5877,-4.2575098403855165,5.1253767815332,1100,infosys,Large Cap,Mar-2026
152372,4964.0,1,Larsen & Toubro Ltd.,Infrastructure,Infrastructure,Domestic Equities,15086277.0,14804467.0,1.903547084808929,5286.684,6337.1261,-16.576001225539756,4.81264357893566,1100,larsen-toubro,Large Cap,Mar-2026
133350,8843.0,1,State Bank Of India,Bank,Banking,Domestic Equities,53593468.0,52593328.0,1.901648056955057,5251.088000000001,6321.718000000001,-16.935744365692994,4.78023936093515,1100,state-bank-of-india,Large Cap,Mar-2026
171400,5889.0,1,Axis Bank Ltd.,Bank,Banking,Domestic Equities,36879839.0,36151711.0,2.01409001084347,4285.2529,5002.8545,-14.343843099974231,3.9010076738652,1100,axis-bank,Large Cap,Mar-2026
152408,5535.0,1,ITC Ltd.,FMCG,Fast Moving Consumer Goods,Domestic Equities,124475317.0,122138954.0,1.912872939782995,3581.1549,3830.2776,-6.504037723009951,3.26004393957705,1100,itc,Large Cap,Mar-2026
171656,5311.0,1,Mahindra & Mahindra Ltd.,Automobile & Ancillaries,Automobile & Ancillaries,Domestic Equities,11551920.0,11336463.0,1.9005663406655149,3414.9208000000003,3854.2841,-11.399349103507951,3.10871553145484,1100,mahindra-mahindra,Large Cap,Mar-2026
171492,5886.0,1,Kotak Mahindra Bank Ltd.,Bank,Banking,Domestic Equities,94964805.0,93162872.0,1.9341750219980336,3354.1569,3869.0541,-13.308089954079469,3.05340014033896,1100,kotak-mahindra-bank,Large Cap,Mar-2026
171915,6797.0,1,Tata Consultancy Services Ltd.,IT,Information Technology,Domestic Equities,13070881.0,12826977.0,1.9014924560946824,3083.4862,3381.7042,-8.818571417334487,2.80699963553084,1100,tata-consultancy-services,Large Cap,Mar-2026
171484,6114.0,1,Bajaj Finance Ltd.,Finance,Finance,Domestic Equities,34522378.0,33090276.0,4.327863569345871,2766.6234000000004,3297.446,-16.097992203663065,2.51854893187169,1100,bajaj-finance,Large Cap,Mar-2026
420,5071.0,1,Sun Pharmaceutical Industries Ltd.,Healthcare,Healthcare,Domestic Equities,13930374.0,13366623.0,4.217602306880354,2448.0543,2323.2527,5.371847840745005,2.22854492679737,1100,sun-pharmaceutical-industries,Large Cap,Mar-2026
171717,5016.0,1,Hindustan Unilever Ltd.,FMCG,Fast Moving Consumer Goods,Domestic Equities,11519829.0,11304746.0,1.9025902926080784,2368.2464,2643.3322,-10.406781258897372,2.15589315160458,1100,hindustan-unilever,Large Cap,Mar-2026
133664,7760.0,1,NTPC Ltd.,Power,Power,Domestic Equities,61303661.0,60159684.0,1.901567501584616,2274.0593,2297.1975,-1.007235990810545,2.07015151430725,1100,ntpc,Large Cap,Mar-2026
156921,98676.0,1,Eternal Ltd.,Retailing,Information Technology,Domestic Equities,92138941.0,87975649.0,4.732323145464946,2110.4424,2168.1599,-2.662049971498873,1.9212056300459,1100,eternal,Large Cap,Mar-2026
133625,7239.0,1,Maruti Suzuki India Ltd.,Automobile & Ancillaries,Automobile & Ancillaries,Domestic Equities,1703736.0,1671956.0,1.900767723552533,2095.3908,2486.1233,-15.71653747020512,1.90750365994655,1100,maruti-suzuki-india,Large Cap,Mar-2026
171461,6050.0,1,Titan Company Ltd.,Diamond  &  Jewellery,Diamond & Jewellery,Domestic Equities,5269110.0,5170710.0,1.903026857046711,2082.405,2238.0901,-6.956158735521867,1.89568225602164,1100,titan-company,Large Cap,Mar-2026
152362,5226.0,1,Tata Steel Ltd.,Iron & Steel,Iron & Steel,Domestic Equities,106303278.0,104319485.0,1.9016514508291524,2038.8969,2215.2243,-7.959798924199229,1.85607539128437,1100,tata-steel,Large Cap,Mar-2026
133309,5981.0,1,Bharat Electronics Ltd.,Capital Goods,Capital Goods,Domestic Equities,46213475.0,45351030.0,1.901709839886768,1851.3118,2015.6265,-8.152041065147737,1.6853104605605,1100,bharat-electronics,Large Cap,Mar-2026
171528,8219.0,1,HCL Technologies Ltd.,IT,Information Technology,Domestic Equities,13654860.0,13400136.0,1.9009060803561992,1831.3215,1862.8869,-1.6944345896683304,1.66711262824519,1100,hcl-technologies,Large Cap,Mar-2026
517,7825.0,1,Power Grid Corporation Of India Ltd.,Power,Power,Domestic Equities,58799687.0,57702496.0,1.9014619402252548,1741.6467000000002,1723.8620999999998,1.031671848925747,1.58547868711833,1100,power-grid-corporation-of-india,Large Cap,Mar-2026
133654,6850.0,1,Ultratech Cement Ltd.,Construction Materials,Construction Materials,Domestic Equities,1520872.0,1492387.0,1.9086872238903176,1634.1694,1892.384,-13.644936757021828,1.48763854049214,1100,ultratech-cement,Large Cap,Mar-2026
171658,4978.0,1,Asian Paints Ltd.,Chemicals,Chemicals,Domestic Equities,5816651.0,5708133.0,1.901111974791057,1259.0141,1356.3951000000002,-7.179397802307016,1.14612224300799,1100,asian-paints,Large Cap,Mar-2026
539,7794.0,1,Adani Ports and Special Economic Zone Ltd.,Logistics,Logistics,Domestic Equities,9512405.0,9299303.0,2.29159110096746,1249.3592999999998,1414.2845000000002,-11.661387790080438,1.13733315873023,1100,adani-ports-and-special-economic-zone,Large Cap,Mar-2026
171708,8443.0,1,Bajaj Finserv Ltd.,Finance,Finance,Domestic Equities,7227786.0,7283144.0,-0.7600838319275302,1179.2856,1451.3121,-18.743487358783817,1.07354274826551,1100,bajaj-finserv,Large Cap,Mar-2026
96486,15829.0,1,Interglobe Aviation Ltd.,Aviation,Aviation,Domestic Equities,2893213.0,2838953.0,1.9112679921083584,1141.0109,1369.2412,-16.668378076850157,1.03870002091682,1100,interglobe-aviation,Large Cap,Mar-2026
171369,7531.0,1,Tech Mahindra Ltd.,IT,Information Technology,Domestic Equities,8216918.0,8062268.0,1.9181947313088568,1139.44,1094.2513,4.129645539374726,1.03726997860709,1100,tech-mahindra,Large Cap,Mar-2026
152205,8185.0,1,Trent Ltd.,Retailing,Retailing,Domestic Equities,2843731.0,2790599.0,1.903963987659997,936.9098,1088.3755,-13.916676735189284,0.852900028261929,1100,trent,Large Cap,Mar-2026
171875,5051.0,1,HDFC Bank Ltd.,Bank,Banking,Domestic Equities,192745984.0,191448400.0,0.6777721830007459,17104.2786,17792.2571,-3.866729758530741,14.0668326340563,1100,hdfc-bank,Large Cap,Feb-2026
171888,8748.0,1,ICICI Bank Ltd.,Bank,Banking,Domestic Equities,90480858.0,89871767.0,0.677733419884801,12477.3103,12178.073799999998,2.457174302885252,10.2615398063784,1100,icici-bank,Large Cap,Feb-2026
171531,4897.0,1,Reliance Industries Ltd.,Crude Oil,Crude Oil,Domestic Equities,85671134.0,85094331.0,0.6778395143620084,11945.1262,11878.3177,0.562440757077923,9.82386307997117,1100,reliance-industries,Large Cap,Feb-2026
133593,6508.0,1,Bharti Airtel Ltd.,Telecom,Telecom,Domestic Equities,35376818.0,35138669.0,0.6777405256869576,6649.9574,6915.6414,-3.8417839305548753,5.46903146031568,1100,bharti-airtel,Large Cap,Feb-2026
152372,4964.0,1,Larsen & Toubro Ltd.,Infrastructure,Infrastructure,Domestic Equities,14804467.0,14704802.0,0.6777717918269147,6337.1261,5784.0603,9.561895473323464,5.21175398941467,1100,larsen-toubro,Large Cap,Feb-2026
133350,8843.0,1,State Bank Of India,Bank,Banking,Domestic Equities,52593328.0,52239199.0,0.677898985396005,6321.718000000001,5629.0349,12.305539267486164,5.1990821212244,1100,state-bank-of-india,Large Cap,Feb-2026
171889,4926.0,1,Infosys Ltd.,IT,Information Technology,Domestic Equities,45237030.0,44932507.0,0.6777342737630909,5880.5877,7370.953100000001,-20.219439464348245,4.83628949810196,1100,infosys,Large Cap,Feb-2026
171400,5889.0,1,Axis Bank Ltd.,Bank,Banking,Domestic Equities,36151711.0,35908354.0,0.677716945755854,5002.8545,4920.3422,1.6769626307698762,4.11442765812031,1100,axis-bank,Large Cap,Feb-2026
171492,5886.0,1,Kotak Mahindra Bank Ltd.,Bank,Banking,Domestic Equities,93162872.0,92535645.0,0.6778220436027652,3869.0541,3775.4543,2.479166546923898,3.18197205211621,1100,kotak-mahindra-bank,Large Cap,Feb-2026
171656,5311.0,1,Mahindra & Mahindra Ltd.,Automobile & Ancillaries,Automobile & Ancillaries,Domestic Equities,11336463.0,11260135.0,0.677860434177743,3854.2841,3864.7035,-0.2696041235763629,3.16982496758468,1100,mahindra-mahindra,Large Cap,Feb-2026
152408,5535.0,1,ITC Ltd.,FMCG,Fast Moving Consumer Goods,Domestic Equities,122138954.0,121316665.0,0.677803828517706,3830.2776,3908.8229,-2.0094361399693934,3.15008163753687,1100,itc,Large Cap,Feb-2026
171915,6797.0,1,Tata Consultancy Services Ltd.,IT,Information Technology,Domestic Equities,12826977.0,12740629.0,0.6777373393417232,3381.7042,3981.5103,-15.064788354308677,2.78116768977823,1100,tata-consultancy-services,Large Cap,Feb-2026
171484,6114.0,1,Bajaj Finance Ltd.,Finance,Finance,Domestic Equities,33090276.0,32867522.0,0.6777328695482427,3297.446,3058.4873,7.8129701568484515,2.71187239676033,1100,bajaj-finance,Large Cap,Feb-2026
171717,5016.0,1,Hindustan Unilever Ltd.,FMCG,Fast Moving Consumer Goods,Domestic Equities,11304746.0,11228666.0,0.6775515453037787,2643.3322,2665.2923,-0.8239283923943387,2.17391873245165,1100,hindustan-unilever,Large Cap,Feb-2026
133625,7239.0,1,Maruti Suzuki India Ltd.,Automobile & Ancillaries,Automobile & Ancillaries,Domestic Equities,1671956.0,1660698.0,0.6779077231381022,2486.1233,2424.8765,2.525769869104672,2.04462761549778,1100,maruti-suzuki-india,Large Cap,Feb-2026
420,5071.0,1,Sun Pharmaceutical Industries Ltd.,Healthcare,Healthcare,Domestic Equities,13366623.0,13276628.0,0.6778453083117189,2323.2527,2117.6222,9.710443156479936,1.91068022579563,1100,sun-pharmaceutical-industries,Large Cap,Feb-2026
133664,7760.0,1,NTPC Ltd.,Power,Power,Domestic Equities,60159684.0,59754698.0,0.6777475471468368,2297.1975,2126.0722,8.048894106230259,1.88925201205928,1100,ntpc,Large Cap,Feb-2026
171461,6050.0,1,Titan Company Ltd.,Diamond  &  Jewellery,Diamond & Jewellery,Domestic Equities,5170710.0,5135912.0,0.6775427616361028,2238.0901,2042.7833,9.560818320768544,1.84064113973438,1100,titan-company,Large Cap,Feb-2026
152362,5226.0,1,Tata Steel Ltd.,Iron & Steel,Iron & Steel,Domestic Equities,104319485.0,103617184.0,0.6777842949293044,2215.2243,2000.8478,10.714283215345011,1.82183593963411,1100,tata-steel,Large Cap,Feb-2026
156921,98676.0,1,Eternal Ltd.,Retailing,Information Technology,Domestic Equities,87975649.0,87383454.0,0.6776969470673476,2168.1599,2391.6851,-9.345929361687295,1.78312942336967,1100,eternal,Large Cap,Feb-2026
133309,5981.0,1,Bharat Electronics Ltd.,Capital Goods,Capital Goods,Domestic Equities,45351030.0,45045751.0,0.6777087588127901,2015.6265,2022.5542,-0.34252234130488,1.65768351249077,1100,bharat-electronics,Large Cap,Feb-2026
133654,6850.0,1,Ultratech Cement Ltd.,Construction Materials,Construction Materials,Domestic Equities,1492387.0,1482357.0,0.6766251314629337,1892.384,1882.6008,0.5196640732331608,1.55632690684575,1100,ultratech-cement,Large Cap,Feb-2026
171528,8219.0,1,HCL Technologies Ltd.,IT,Information Technology,Domestic Equities,13400136.0,13309922.0,0.6777951065378144,1862.8869,2255.2997,-17.399585518501155,1.53206801942971,1100,hcl-technologies,Large Cap,Feb-2026
517,7825.0,1,Power Grid Corporation Of India Ltd.,Power,Power,Domestic Equities,57702496.0,57314066.0,0.677721940020797,1723.8620999999998,1469.2460999999998,17.32970398900498,1.41773179752187,1100,power-grid-corporation-of-india,Large Cap,Feb-2026
171708,8443.0,1,Bajaj Finserv Ltd.,Finance,Finance,Domestic Equities,7283144.0,7234099.0,0.6779697098422347,1451.3121,1413.0727,2.7061169605781803,1.19358231281855,1100,bajaj-finserv,Large Cap,Feb-2026
539,7794.0,1,Adani Ports and Special Economic Zone Ltd.,Logistics,Logistics,Domestic Equities,9299303.0,9236602.0,0.6788318907754172,1414.2845000000002,1309.4269,8.007900250101788,1.16313022160666,1100,adani-ports-and-special-economic-zone,Large Cap,Feb-2026
96486,15829.0,1,Interglobe Aviation Ltd.,Aviation,Aviation,Domestic Equities,2838953.0,2819858.0,0.6771617577906406,1369.2412,1296.3874,5.619755329309735,1.12608589034877,1100,interglobe-aviation,Large Cap,Feb-2026
171658,4978.0,1,Asian Paints Ltd.,Chemicals,Chemicals,Domestic Equities,5708133.0,5669706.0,0.6777600108365408,1356.3951000000002,1376.9731,-1.494437327788022,1.11552105198719,1100,asian-paints,Large Cap,Feb-2026
171369,7531.0,1,Tech Mahindra Ltd.,IT,Information Technology,Domestic Equities,8062268.0,8007992.0,0.6777729048680369,1094.2513,1396.0332,-21.61710051021709,0.899929792812105,1100,tech-mahindra,Large Cap,Feb-2026
152205,8185.0,1,Trent Ltd.,Retailing,Retailing,Domestic Equities,2790599.0,2771825.0,0.6773154870888314,1088.3755,1049.3021,3.723751243802901,0.895097440795155,1100,trent,Large Cap,Feb-2026
171875,5051.0,1,HDFC Bank Ltd.,Bank,Banking,Domestic Equities,191448400.0,190611972.0,0.4388118916266182,17792.2571,18903.9423,-5.880705634612523,14.5350401071039,1100,hdfc-bank,Large Cap,Jan-2026
171888,8748.0,1,ICICI Bank Ltd.,Bank,Banking,Domestic Equities,89871767.0,89479072.0,0.438867984683614,12178.073799999998,12016.1446,1.347596965502556,9.94864171057147,1100,icici-bank,Large Cap,Jan-2026
171531,4897.0,1,Reliance Industries Ltd.,Crude Oil,Crude Oil,Domestic Equities,85094331.0,84722584.0,0.4387814705934843,11878.3177,13296.3623,-10.664906445878056,9.70376176580893,1100,reliance-industries,Large Cap,Jan-2026
171889,4926.0,1,Infosys Ltd.,IT,Information Technology,Domestic Equities,44932507.0,44736207.0,0.438794464626829,7370.953100000001,7231.3842,1.93004404329672,6.02155748615402,1100,infosys,Large Cap,Jan-2026
133593,6508.0,1,Bharti Airtel Ltd.,Telecom,Telecom,Domestic Equities,35138669.0,34985153.0,0.4388032832098805,6915.6414,7366.8237,-6.124516051605793,5.64959940441442,1100,bharti-airtel,Large Cap,Jan-2026
152372,4964.0,1,Larsen & Toubro Ltd.,Infrastructure,Infrastructure,Domestic Equities,14704802.0,14640561.0,0.4387878306029393,5784.0603,5977.8875,-3.2424029391653777,4.7251761240797,1100,larsen-toubro,Large Cap,Jan-2026
133350,8843.0,1,State Bank Of India,Bank,Banking,Domestic Equities,52239199.0,52010990.0,0.4387707290324602,5629.0349,5108.5194,10.189165573101276,4.59853112373178,1100,state-bank-of-india,Large Cap,Jan-2026
171400,5889.0,1,Axis Bank Ltd.,Bank,Banking,Domestic Equities,35908354.0,35751483.0,0.4387817982263841,4920.3422,4535.7906,8.478160345409238,4.01957833768465,1100,axis-bank,Large Cap,Jan-2026
171915,6797.0,1,Tata Consultancy Services Ltd.,IT,Information Technology,Domestic Equities,12740629.0,12684970.0,0.4387791220633553,3981.5103,4066.4843,-2.089618297554958,3.25261778604511,1100,tata-consultancy-services,Large Cap,Jan-2026
152408,5535.0,1,ITC Ltd.,FMCG,Fast Moving Consumer Goods,Domestic Equities,121316665.0,120786659.0,0.4387951487258208,3908.8229,4867.7024,-19.69881108590369,3.19323722132288,1100,itc,Large Cap,Jan-2026
171656,5311.0,1,Mahindra & Mahindra Ltd.,Automobile & Ancillaries,Automobile & Ancillaries,Domestic Equities,11260135.0,11210868.0,0.4394574978494082,3864.7035,4158.7836,-7.071300848642379,3.15719473132866,1100,mahindra-mahindra,Large Cap,Jan-2026
171492,5886.0,1,Kotak Mahindra Bank Ltd.,Bank,Banking,Domestic Equities,92535645.0,18426281.0,402.1938230508913,3775.4543,4055.1638,-6.89761286584774,3.08428432461433,1100,kotak-mahindra-bank,Large Cap,Jan-2026
171484,6114.0,1,Bajaj Finance Ltd.,Finance,Finance,Domestic Equities,32867522.0,32723931.0,0.4387950824123177,3058.4873,3228.7067,-5.272061410842924,2.49857200931342,1100,bajaj-finance,Large Cap,Jan-2026
171717,5016.0,1,Hindustan Unilever Ltd.,FMCG,Fast Moving Consumer Goods,Domestic Equities,11228666.0,11179617.0,0.4387359602748466,2665.2923,2588.4167,2.969985474131722,2.17735896350414,1100,hindustan-unilever,Large Cap,Jan-2026
133625,7239.0,1,Maruti Suzuki India Ltd.,Automobile & Ancillaries,Automobile & Ancillaries,Domestic Equities,1660698.0,1653442.0,0.4388421244893984,2424.8765,2761.9509000000003,-12.204214057534488,1.98095592842314,1100,maruti-suzuki-india,Large Cap,Jan-2026
156921,98676.0,1,Eternal Ltd.,Retailing,Information Technology,Domestic Equities,87383454.0,87001683.0,0.4388087526996461,2391.6851,2418.2118,-1.096955196397596,1.95384085654107,1100,eternal,Large Cap,Jan-2026
171528,8219.0,1,HCL Technologies Ltd.,IT,Information Technology,Domestic Equities,13309922.0,13251766.0,0.4388547156658214,2255.2997,2152.5506,4.7733651417996885,1.84242344345617,1100,hcl-technologies,Large Cap,Jan-2026
133664,7760.0,1,NTPC Ltd.,Power,Power,Domestic Equities,59754698.0,59493649.0,0.4387846507784386,2126.0722,1960.0183,8.472058653738088,1.73685353825056,1100,ntpc,Large Cap,Jan-2026
420,5071.0,1,Sun Pharmaceutical Industries Ltd.,Healthcare,Healthcare,Domestic Equities,13276628.0,13218555.0,0.439329412329865,2117.6222,2273.261,-6.8464993680884,1.72995047428208,1100,sun-pharmaceutical-industries,Large Cap,Jan-2026
171461,6050.0,1,Titan Company Ltd.,Diamond  &  Jewellery,Diamond & Jewellery,Domestic Equities,5135912.0,5113481.0,0.438663994253621,2042.7833,2071.2922,-1.3763823375572088,1.66881228327249,1100,titan-company,Large Cap,Jan-2026
133309,5981.0,1,Bharat Electronics Ltd.,Capital Goods,Capital Goods,Domestic Equities,45045751.0,44848954.0,0.4387995314227395,2022.5542,1792.6127,12.827171201007348,1.65228651151806,1100,bharat-electronics,Large Cap,Jan-2026
152362,5226.0,1,Tata Steel Ltd.,Iron & Steel,Iron & Steel,Domestic Equities,103617184.0,103164514.0,0.4387845999061266,2000.8478,1857.4771,7.718571604462854,1.63455388811859,1100,tata-steel,Large Cap,Jan-2026
133654,6850.0,1,Ultratech Cement Ltd.,Construction Materials,Construction Materials,Domestic Equities,1482357.0,1475887.0,0.4383804451153781,1882.6008,1739.3992,8.232819700043539,1.53795428988411,1100,ultratech-cement,Large Cap,Jan-2026
517,7825.0,1,Power Grid Corporation Of India Ltd.,Power,Power,Domestic Equities,57314066.0,57063572.0,0.4389735714406382,1469.2460999999998,1509.6168,-2.6742349449211265,1.20027216730732,1100,power-grid-corporation-of-india,Large Cap,Jan-2026
171708,8443.0,1,Bajaj Finserv Ltd.,Finance,Finance,Domestic Equities,7234099.0,7202490.0,0.4388621157405286,1413.0727,1468.4437,-3.77072679054703,1.15438239529225,1100,bajaj-finserv,Large Cap,Jan-2026
171369,7531.0,1,Tech Mahindra Ltd.,IT,Information Technology,Domestic Equities,8007992.0,7973002.0,0.4388560293851676,1396.0332,1268.8235,10.025799490630494,1.14046230553001,1100,tech-mahindra,Large Cap,Jan-2026
171658,4978.0,1,Asian Paints Ltd.,Chemicals,Chemicals,Domestic Equities,5669706.0,5644936.0,0.4388003690387278,1376.9731,1563.4497,-11.927252920257049,1.12489152570211,1100,asian-paints,Large Cap,Jan-2026
539,7794.0,1,Adani Ports and Special Economic Zone Ltd.,Logistics,Logistics,Domestic Equities,9236602.0,9196258.0,0.4387001756584036,1309.4269,1351.3901,-3.1051877618461217,1.06971096482305,1100,adani-ports-and-special-economic-zone,Large Cap,Jan-2026
96486,15829.0,1,Interglobe Aviation Ltd.,Aviation,Aviation,Domestic Equities,2819858.0,2807546.0,0.4385324407863664,1296.3874,1420.7165,-8.751154787038786,1.05905859764943,1100,interglobe-aviation,Large Cap,Jan-2026
152205,8185.0,1,Trent Ltd.,Retailing,Retailing,Domestic Equities,2771825.0,2759720.0,0.438631455365037,1049.3021,1180.622,-11.122941974654031,0.857207043617213,1100,trent,Large Cap,Jan-2026
235418,,1,Kwality Wall's (India) Ltd.,Others,,Domestic Equities,11197533.0,11197533.0,0.0,42.7186,42.7186,0.0,0.0348981335436823,1100,,,Jan-2026
171875,5051.0,1,HDFC Bank Ltd.,Bank,Banking,Domestic Equities,190611972.0,189851894.0,0.4003531300035385,18903.9423,19118.0857,-1.1201090075665936,14.9752118176069,1100,hdfc-bank,Large Cap,Dec-2025
171531,4897.0,1,Reliance Industries Ltd.,Crude Oil,Crude Oil,Domestic Equities,84722584.0,84718546.0,0.0047663707542856,13296.3623,13274.1254,0.1675206413222481,10.5330326704469,1100,reliance-industries,Large Cap,Dec-2025
171888,8748.0,1,ICICI Bank Ltd.,Bank,Banking,Domestic Equities,89479072.0,89396548.0,0.0923122892843692,12016.1446,12414.4986,-3.2087804174386982,9.51887747858782,1100,icici-bank,Large Cap,Dec-2025
133593,6508.0,1,Bharti Airtel Ltd.,Telecom,Telecom,Domestic Equities,34985153.0,34269485.0,2.0883535308452985,7366.8237,7200.1901,2.3142944517534314,5.83580628737249,1100,bharti-airtel,Large Cap,Dec-2025
171889,4926.0,1,Infosys Ltd.,IT,Information Technology,Domestic Equities,44736207.0,44733748.0,0.0054969684185639,7231.3842,6977.1227,3.644217121192382,5.72851463525129,1100,infosys,Large Cap,Dec-2025
152372,4964.0,1,Larsen & Toubro Ltd.,Infrastructure,Infrastructure,Domestic Equities,14640561.0,14639101.0,0.0099732900264845,5977.8875,5955.918199999999,0.3688650391471211,4.73552712517138,1100,larsen-toubro,Large Cap,Dec-2025
133350,8843.0,1,State Bank Of India,Bank,Banking,Domestic Equities,52010990.0,52008476.0,0.0048338274707376,5108.5194,5094.4903,0.2753778920729272,4.04683630934243,1100,state-bank-of-india,Large Cap,Dec-2025
152408,5535.0,1,ITC Ltd.,FMCG,Fast Moving Consumer Goods,Domestic Equities,120786659.0,120757064.0,0.0245078830336583,4867.7024,4883.4157000000005,-0.3217686341959412,3.85606734025387,1100,itc,Large Cap,Dec-2025
171400,5889.0,1,Axis Bank Ltd.,Bank,Banking,Domestic Equities,35751483.0,35736078.0,0.0431076963733961,4535.7906,4575.1114,-0.8594501108759922,3.59313543796155,1100,axis-bank,Large Cap,Dec-2025
171656,5311.0,1,Mahindra & Mahindra Ltd.,Automobile & Ancillaries,Automobile & Ancillaries,Domestic Equities,11210868.0,11054635.0,1.4132804927525875,4158.7836,4154.1107,0.1124885766765866,3.29448029015566,1100,mahindra-mahindra,Large Cap,Dec-2025
171915,6797.0,1,Tata Consultancy Services Ltd.,IT,Information Technology,Domestic Equities,12684970.0,12684340.0,0.0049667542812633,4066.4843,3982.4388,2.110402801419067,3.22136318335425,1100,tata-consultancy-services,Large Cap,Dec-2025
171492,5886.0,1,Kotak Mahindra Bank Ltd.,Bank,Banking,Domestic Equities,18426281.0,18424355.0,0.0104535545477711,4055.1638,3913.333,3.624296731200748,3.21239537744948,1100,kotak-mahindra-bank,Large Cap,Dec-2025
171484,6114.0,1,Bajaj Finance Ltd.,Finance,Finance,Domestic Equities,32723931.0,32679209.0,0.1368515376244266,3228.7067,3390.9581,-4.784824678311423,2.55769754065673,1100,bajaj-finance,Large Cap,Dec-2025
133625,7239.0,1,Maruti Suzuki India Ltd.,Automobile & Ancillaries,Automobile & Ancillaries,Domestic Equities,1653442.0,1653362.0,0.0048386257818916,2761.9509000000003,2627.8701,5.10226133323714,2.18794572586746,1100,maruti-suzuki-india,Large Cap,Dec-2025
171717,5016.0,1,Hindustan Unilever Ltd.,FMCG,Fast Moving Consumer Goods,Domestic Equities,11179617.0,11179145.0,0.0042221475792647,2588.4167,2757.8951,-6.145208351108059,2.05047644240488,1100,hindustan-unilever,Large Cap,Dec-2025
156921,98676.0,1,Eternal Ltd.,Retailing,Information Technology,Domestic Equities,87001683.0,86997561.0,0.0047380638636524,2418.2118,2611.2318,-7.391913655463295,1.91564454388101,1100,eternal,Large Cap,Dec-2025
420,5071.0,1,Sun Pharmaceutical Industries Ltd.,Healthcare,Healthcare,Domestic Equities,13218555.0,13217972.0,0.0044106614842276,2273.261,2420.5411,-6.084594060394174,1.80081828707787,1100,sun-pharmaceutical-industries,Large Cap,Dec-2025
171528,8219.0,1,HCL Technologies Ltd.,IT,Information Technology,Domestic Equities,13251766.0,13251117.0,0.004897700322169,2152.5506,2156.9506,-0.2039916908620902,1.70519464519932,1100,hcl-technologies,Large Cap,Dec-2025
171461,6050.0,1,Titan Company Ltd.,Diamond  &  Jewellery,Diamond & Jewellery,Domestic Equities,5113481.0,5113213.0,0.0052413228238291,2071.2922,1998.7294,3.630446422612285,1.64082385244886,1100,titan-company,Large Cap,Dec-2025
133664,7760.0,1,NTPC Ltd.,Power,Power,Domestic Equities,59493649.0,59490809.0,0.0047738466625995,1960.0183,1942.9698,0.8774454445972225,1.55267556063614,1100,ntpc,Large Cap,Dec-2025
152362,5226.0,1,Tata Steel Ltd.,Iron & Steel,Iron & Steel,Domestic Equities,103164514.0,103159537.0,0.0048245660505436,1857.4771,1731.5328,7.27357287138886,1.4714450868195,1100,tata-steel,Large Cap,Dec-2025
133309,5981.0,1,Bharat Electronics Ltd.,Capital Goods,Capital Goods,Domestic Equities,44848954.0,44846826.0,0.0047450403736487,1792.6127,1845.6711,-2.874748377433009,1.42006119482454,1100,bharat-electronics,Large Cap,Dec-2025
133654,6850.0,1,Ultratech Cement Ltd.,Construction Materials,Construction Materials,Domestic Equities,1475887.0,1475798.0,0.0060306356289952,1739.3992,1711.9257,1.604830162897844,1.37790684302798,1100,ultratech-cement,Large Cap,Dec-2025
171658,4978.0,1,Asian Paints Ltd.,Chemicals,Chemicals,Domestic Equities,5644936.0,5644657.0,0.0049427272551724,1563.4497,1621.9357,-3.6059382625340857,1.2385242216738,1100,asian-paints,Large Cap,Dec-2025
517,7825.0,1,Power Grid Corporation Of India Ltd.,Power,Power,Domestic Equities,57063572.0,57060928.0,0.0046336435327515,1509.6168,1540.0744,-1.977670689156322,1.1958791972941,1100,power-grid-corporation-of-india,Large Cap,Dec-2025
171708,8443.0,1,Bajaj Finserv Ltd.,Finance,Finance,Domestic Equities,7202490.0,7202142.0,0.0048318958443196,1468.4437,1508.3806,-2.647667306248836,1.16326293747365,1100,bajaj-finserv,Large Cap,Dec-2025
96486,15829.0,1,Interglobe Aviation Ltd.,Aviation,Aviation,Domestic Equities,2807546.0,,,1420.7165,,,1.12545468996005,1100,interglobe-aviation,Large Cap,Dec-2025
539,7794.0,1,Adani Ports and Special Economic Zone Ltd.,Logistics,Logistics,Domestic Equities,9196258.0,9195883.0,0.0040779118220621,1351.3901,1394.7856,-3.111266706510297,1.0705361175228,1100,adani-ports-and-special-economic-zone,Large Cap,Dec-2025
171369,7531.0,1,Tech Mahindra Ltd.,IT,Information Technology,Domestic Equities,7973002.0,7969803.0,0.0401390097095248,1268.8235,1208.8996,4.956896337793477,1.00512900272962,1100,tech-mahindra,Large Cap,Dec-2025
152205,8185.0,1,Trent Ltd.,Retailing,Retailing,Domestic Equities,2759720.0,2759571.0,0.005399389977645,1180.622,1173.0522,0.6453080263606308,0.935258066595279,1100,trent,Large Cap,Dec-2025
235418,,1,Kwality Wall's (India) Ltd.,Others,,Domestic Equities,11197533.0,,,42.7186,,,0.0338405647562531,1100,,,Dec-2025
171875,5051.0,1,HDFC Bank Ltd.,Bank,Banking,Domestic Equities,189851894.0,187589209.0,1.2061914499570174,19118.0857,18527.2482,3.1890191874257936,15.1555472968578,1100,hdfc-bank,Large Cap,Nov-2025
171531,4897.0,1,Reliance Industries Ltd.,Crude Oil,Crude Oil,Domestic Equities,84718546.0,83708836.0,1.206216748731281,13274.1254,12443.3185,6.6767309701186175,10.5228441006581,1100,reliance-industries,Large Cap,Nov-2025
171888,8748.0,1,ICICI Bank Ltd.,Bank,Banking,Domestic Equities,89396548.0,88331089.0,1.2062106468539069,12414.4986,11880.9731,4.490587559700816,9.84138912501448,1100,icici-bank,Large Cap,Nov-2025
133593,6508.0,1,Bharti Airtel Ltd.,Telecom,Telecom,Domestic Equities,34269485.0,33861044.0,1.206226836951631,7200.1901,6957.0901,3.4942770110164307,5.70783201410783,1100,bharti-airtel,Large Cap,Nov-2025
171889,4926.0,1,Infosys Ltd.,IT,Information Technology,Domestic Equities,44733748.0,44200583.0,1.2062397457517695,6977.1227,6552.7364,6.476474469505596,5.5309990097926,1100,infosys,Large Cap,Nov-2025
152372,4964.0,1,Larsen & Toubro Ltd.,Infrastructure,Infrastructure,Domestic Equities,14639101.0,14464648.0,1.2060646066188407,5955.918199999999,5830.9889,2.142506222229292,4.72145597591479,1100,larsen-toubro,Large Cap,Nov-2025
133350,8843.0,1,State Bank Of India,Bank,Banking,Domestic Equities,52008476.0,51388653.0,1.2061475905974808,5094.4903,4815.1168,5.802008790316371,4.03857320793542,1100,state-bank-of-india,Large Cap,Nov-2025
152408,5535.0,1,ITC Ltd.,FMCG,Fast Moving Consumer Goods,Domestic Equities,120757064.0,119317900.0,1.2061593440715936,4883.4157000000005,5014.334699999999,-2.6108947214871727,3.87124729813131,1100,itc,Large Cap,Nov-2025
171400,5889.0,1,Axis Bank Ltd.,Bank,Banking,Domestic Equities,35736078.0,35310227.0,1.2060273642534214,4575.1114,4353.751,5.08436058929416,3.62684414638298,1100,axis-bank,Large Cap,Nov-2025
171656,5311.0,1,Mahindra & Mahindra Ltd.,Automobile & Ancillaries,Automobile & Ancillaries,Domestic Equities,11054635.0,10922911.0,1.205942262094784,4154.1107,3808.1091,9.085916157181536,3.29310278121794,1100,mahindra-mahindra,Large Cap,Nov-2025
171915,6797.0,1,Tata Consultancy Services Ltd.,IT,Information Technology,Domestic Equities,12684340.0,12533185.0,1.2060382097607272,3982.4388,3832.3973,3.9150820819125474,3.15701271232619,1100,tata-consultancy-services,Large Cap,Nov-2025
171492,5886.0,1,Kotak Mahindra Bank Ltd.,Bank,Banking,Domestic Equities,18424355.0,18204811.0,1.2059669281927727,3913.333,3826.5602,2.267644972631025,3.10223022851364,1100,kotak-mahindra-bank,Large Cap,Nov-2025
171484,6114.0,1,Bajaj Finance Ltd.,Finance,Finance,Domestic Equities,32679209.0,32289781.0,1.2060410072152548,3390.9581,3366.5326,0.7255387932378817,2.68812613734716,1100,bajaj-finance,Large Cap,Nov-2025
171717,5016.0,1,Hindustan Unilever Ltd.,FMCG,Fast Moving Consumer Goods,Domestic Equities,11179145.0,11045853.0,1.2067153165989082,2757.8951,2724.6253,1.2210779955687785,2.18627587948423,1100,hindustan-unilever,Large Cap,Nov-2025
133625,7239.0,1,Maruti Suzuki India Ltd.,Automobile & Ancillaries,Automobile & Ancillaries,Domestic Equities,1653362.0,1633657.0,1.2061895489689696,2627.8701,2645.2011,-0.6551864809068682,2.08320070406152,1100,maruti-suzuki-india,Large Cap,Nov-2025
156921,98676.0,1,Eternal Ltd.,Retailing,Information Technology,Domestic Equities,86997561.0,85960661.0,1.2062494493847598,2611.2318,2731.4,-4.39950940909424,2.07001096600164,1100,eternal,Large Cap,Nov-2025
420,5071.0,1,Sun Pharmaceutical Industries Ltd.,Healthcare,Healthcare,Domestic Equities,13217972.0,13060392.0,1.2065487774026995,2420.5411,2207.0103,9.675115698372585,1.91884405691508,1100,sun-pharmaceutical-industries,Large Cap,Nov-2025
171528,8219.0,1,HCL Technologies Ltd.,IT,Information Technology,Domestic Equities,13251117.0,13093200.0,1.2060993492805423,2156.9506,2018.1858,6.875719767724068,1.70988703305613,1100,hcl-technologies,Large Cap,Nov-2025
171461,6050.0,1,Titan Company Ltd.,Diamond  &  Jewellery,Diamond & Jewellery,Domestic Equities,5113213.0,5052300.0,1.2056489123765413,1998.7294,1892.1874,5.630626226556636,1.58445978486853,1100,titan-company,Large Cap,Nov-2025
133664,7760.0,1,NTPC Ltd.,Power,Power,Domestic Equities,59490809.0,58781794.0,1.2061812880362244,1942.9698,1980.0647,-1.87341858071607,1.54025728110772,1100,ntpc,Large Cap,Nov-2025
133309,5981.0,1,Bharat Electronics Ltd.,Capital Goods,Capital Goods,Domestic Equities,44846826.0,44312311.0,1.2062449191602758,1845.6711,1888.3691,-2.2611045690167337,1.46312534055089,1100,bharat-electronics,Large Cap,Nov-2025
152362,5226.0,1,Tata Steel Ltd.,Iron & Steel,Iron & Steel,Domestic Equities,103159537.0,101930093.0,1.206163914713587,1731.5328,1864.8111,-7.147013442809295,1.3726440846774,1100,tata-steel,Large Cap,Nov-2025
133654,6850.0,1,Ultratech Cement Ltd.,Construction Materials,Construction Materials,Domestic Equities,1475798.0,1458233.0,1.2045400152101893,1711.9257,1742.1218,-1.7332944229272524,1.35710087935511,1100,ultratech-cement,Large Cap,Nov-2025
171658,4978.0,1,Asian Paints Ltd.,Chemicals,Chemicals,Domestic Equities,5644657.0,5577388.0,1.2061022112859998,1621.9357,1399.9244,15.85880637554428,1.28576279024694,1100,asian-paints,Large Cap,Nov-2025
517,7825.0,1,Power Grid Corporation Of India Ltd.,Power,Power,Domestic Equities,57060928.0,56380811.0,1.2062916228714766,1540.0744,1624.6131,-5.203620480470086,1.22086859407058,1100,power-grid-corporation-of-india,Large Cap,Nov-2025
171708,8443.0,1,Bajaj Finserv Ltd.,Finance,Finance,Domestic Equities,7202142.0,7116298.0,1.206301366244078,1508.3806,1486.0253,1.5043687345027024,1.19574385656001,1100,bajaj-finserv,Large Cap,Nov-2025
539,7794.0,1,Adani Ports and Special Economic Zone Ltd.,Logistics,Logistics,Domestic Equities,9195883.0,9086226.0,1.2068486960372766,1394.7856,1318.8203,5.760094836271476,1.10569329280578,1100,adani-ports-and-special-economic-zone,Large Cap,Nov-2025
171369,7531.0,1,Tech Mahindra Ltd.,IT,Information Technology,Domestic Equities,7969803.0,7874825.0,1.206096643417473,1208.8996,1122.0051,7.744572640534354,0.958335230443729,1100,tech-mahindra,Large Cap,Nov-2025
152205,8185.0,1,Trent Ltd.,Retailing,Retailing,Domestic Equities,2759571.0,2726700.0,1.2055231598635714,1173.0522,1279.8039,-8.341254468751032,0.929917795000944,1100,trent,Large Cap,Nov-2025
152378,5539.0,1,Tata Motors Passenger Vehicles Ltd.,Automobile & Ancillaries,Automobile & Ancillaries,Domestic Equities,26275791.0,25962589.0,1.2063588881678942,937.6516,1064.7258,-11.934922587580765,0.743307849685723,1100,tata-motors-passenger-vehicles,Large Cap,Nov-2025
171875,5051.0,1,HDFC Bank Ltd.,Bank,Banking,Domestic Equities,187589209.0,186952251.0,0.3407062480354944,18527.2482,17781.9634,4.191240209166103,15.0626243041113,1100,hdfc-bank,Large Cap,Oct-2025
171531,4897.0,1,Reliance Industries Ltd.,Crude Oil,Crude Oil,Domestic Equities,83708836.0,83424660.0,0.3406378881256453,12443.3185,11377.4551,9.368205724670368,10.1163988110171,1100,reliance-industries,Large Cap,Oct-2025
171888,8748.0,1,ICICI Bank Ltd.,Bank,Banking,Domestic Equities,88331089.0,88031229.0,0.3406291192413092,11880.9731,11867.0498,0.1173273916824782,9.65921286532734,1100,icici-bank,Large Cap,Oct-2025
133593,6508.0,1,Bharti Airtel Ltd.,Telecom,Telecom,Domestic Equities,33861044.0,33746061.0,0.340730137363291,6957.0901,6337.5103,9.776391211545642,5.65610355595885,1100,bharti-airtel,Large Cap,Oct-2025
171889,4926.0,1,Infosys Ltd.,IT,Information Technology,Domestic Equities,44200583.0,44050417.0,0.3408957513387444,6552.7364,6352.290400000001,3.1554917577445725,5.3273646194838,1100,infosys,Large Cap,Oct-2025
152372,4964.0,1,Larsen & Toubro Ltd.,Infrastructure,Infrastructure,Domestic Equities,14464648.0,14415572.0,0.3404374103226705,5830.9889,5274.3695,10.553287933278105,4.74058501154766,1100,larsen-toubro,Large Cap,Oct-2025
152408,5535.0,1,ITC Ltd.,FMCG,Fast Moving Consumer Goods,Domestic Equities,119317900.0,118912730.0,0.3407288689781153,5014.334699999999,4775.5352,5.00047617699477,4.07664640241441,1100,itc,Large Cap,Oct-2025
133350,8843.0,1,State Bank Of India,Bank,Banking,Domestic Equities,51388653.0,51214170.0,0.3406928199754091,4815.1168,4468.6924,7.75225432835789,3.914682555978,1100,state-bank-of-india,Large Cap,Oct-2025
171400,5889.0,1,Axis Bank Ltd.,Bank,Banking,Domestic Equities,35310227.0,35190383.0,0.3405589532799344,4353.751,3983.0235,9.307690501951596,3.53959286984934,1100,axis-bank,Large Cap,Oct-2025
171915,6797.0,1,Tata Consultancy Services Ltd.,IT,Information Technology,Domestic Equities,12533185.0,12490649.0,0.3405427532228309,3832.3973,3608.5485,6.203291988454639,3.11573311324186,1100,tata-consultancy-services,Large Cap,Oct-2025
171492,5886.0,1,Kotak Mahindra Bank Ltd.,Bank,Banking,Domestic Equities,18204811.0,18143009.0,0.3406380937142235,3826.5602,3618.0789,5.762209884367088,3.11098755991541,1100,kotak-mahindra-bank,Large Cap,Oct-2025
171656,5311.0,1,Mahindra & Mahindra Ltd.,Automobile & Ancillaries,Automobile & Ancillaries,Domestic Equities,10922911.0,10885827.0,0.3406631393278618,3808.1091,3730.1919,2.088825510558846,3.09598684398083,1100,mahindra-mahindra,Large Cap,Oct-2025
171484,6114.0,1,Bajaj Finance Ltd.,Finance,Finance,Domestic Equities,32289781.0,32180058.0,0.3409658242381042,3366.5326,3213.5006,4.762158749869228,2.73698582832949,1100,bajaj-finance,Large Cap,Oct-2025
156921,98676.0,1,Eternal Ltd.,Retailing,Information Technology,Domestic Equities,85960661.0,85668706.0,0.3407953891587904,2731.4,2788.5164,-2.0482719771703737,2.22062400093769,1100,eternal,Large Cap,Oct-2025
171717,5016.0,1,Hindustan Unilever Ltd.,FMCG,Fast Moving Consumer Goods,Domestic Equities,11045853.0,11008318.0,0.3409694378378241,2724.6253,2767.9865000000004,-1.566524981245391,2.21511618025264,1100,hindustan-unilever,Large Cap,Oct-2025
133625,7239.0,1,Maruti Suzuki India Ltd.,Automobile & Ancillaries,Automobile & Ancillaries,Domestic Equities,1633657.0,1628117.0,0.3402703859734896,2645.2011,2609.6355,1.3628569966955146,2.15054442775382,1100,maruti-suzuki-india,Large Cap,Oct-2025
420,5071.0,1,Sun Pharmaceutical Industries Ltd.,Healthcare,Healthcare,Domestic Equities,13060392.0,13016008.0,0.3409954880175243,2207.0103,2075.9882,6.311312366804393,1.79429598099755,1100,sun-pharmaceutical-industries,Large Cap,Oct-2025
171528,8219.0,1,HCL Technologies Ltd.,IT,Information Technology,Domestic Equities,13093200.0,13048794.0,0.3403073111584105,2018.1858,1807.258,11.67115043895227,1.64078195278306,1100,hcl-technologies,Large Cap,Oct-2025
133664,7760.0,1,NTPC Ltd.,Power,Power,Domestic Equities,58781794.0,58582113.0,0.3408566024240198,1980.0647,1993.8422,-0.6910025276824816,1.60978955708775,1100,ntpc,Large Cap,Oct-2025
171461,6050.0,1,Titan Company Ltd.,Diamond  &  Jewellery,Diamond & Jewellery,Domestic Equities,5052300.0,5035121.0,0.3411834591462648,1892.1874,1695.5266,11.598803581141096,1.53834544728414,1100,titan-company,Large Cap,Oct-2025
133309,5981.0,1,Bharat Electronics Ltd.,Capital Goods,Capital Goods,Domestic Equities,44312311.0,44161884.0,0.3406263192938055,1888.3691,1783.6985,5.86817783386598,1.53524117525412,1100,bharat-electronics,Large Cap,Oct-2025
152362,5226.0,1,Tata Steel Ltd.,Iron & Steel,Iron & Steel,Domestic Equities,101930093.0,101584091.0,0.3406064833518075,1864.8111,1713.7235999999998,8.816328374073858,1.51608855747054,1100,tata-steel,Large Cap,Oct-2025
133654,6850.0,1,Ultratech Cement Ltd.,Construction Materials,Construction Materials,Domestic Equities,1458233.0,1453243.0,0.3433699663442384,1742.1218,1776.4297,-1.9312838554770888,1.41634234518444,1100,ultratech-cement,Large Cap,Oct-2025
517,7825.0,1,Power Grid Corporation Of India Ltd.,Power,Power,Domestic Equities,56380811.0,56189373.0,0.3407014347713045,1624.6131,1573.8643,3.22447113134214,1.32080795273405,1100,power-grid-corporation-of-india,Large Cap,Oct-2025
171708,8443.0,1,Bajaj Finserv Ltd.,Finance,Finance,Domestic Equities,7116298.0,7092041.0,0.3420312995934457,1486.0253,1423.3017000000002,4.406908247211386,1.20813628438919,1100,bajaj-finserv,Large Cap,Oct-2025
171658,4978.0,1,Asian Paints Ltd.,Chemicals,Chemicals,Domestic Equities,5577388.0,5558469.0,0.3403635065698846,1399.9244,1306.3236,7.165207763221916,1.13813638505466,1100,asian-paints,Large Cap,Oct-2025
539,7794.0,1,Adani Ports and Special Economic Zone Ltd.,Logistics,Logistics,Domestic Equities,9086226.0,9055338.0,0.3411026733623858,1318.8203,1271.0072,3.761827627727048,1.0721988764384,1100,adani-ports-and-special-economic-zone,Large Cap,Oct-2025
152205,8185.0,1,Trent Ltd.,Retailing,Retailing,Domestic Equities,2726700.0,2717421.0,0.3414634684872163,1279.8039,1271.3726,0.663165149225337,1.04047860321947,1100,trent,Large Cap,Oct-2025
171369,7531.0,1,Tech Mahindra Ltd.,IT,Information Technology,Domestic Equities,7874825.0,7848109.0,0.3404132129153659,1122.0051,1098.4998,2.1397637031886565,0.912188421408251,1100,tech-mahindra,Large Cap,Oct-2025
152378,5539.0,1,Tata Motors Passenger Vehicles Ltd.,Automobile & Ancillaries,Automobile & Ancillaries,Domestic Equities,25962589.0,25874419.0,0.3407612746782836,1064.7258,1760.6248,-39.52568429116754,0.865620438565419,1100,tata-motors-passenger-vehicles,Large Cap,Oct-2025
234053,113617.0,1,Tata Motors Ltd.,Others,Other,Domestic Equities,25886123.0,,,677.9576,,,0.551178486555655,1100,tata-motors,,Oct-2025
171875,5051.0,1,HDFC Bank Ltd.,Bank,Banking,Domestic Equities,186952251.0,186697290.0,0.1365638462133007,17781.9634,17763.313700000002,0.1049899828093432,15.18448546947,1100,hdfc-bank,Large Cap,Sep-2025
171888,8748.0,1,ICICI Bank Ltd.,Bank,Banking,Domestic Equities,88031229.0,87803682.0,0.2591542801132189,11867.0498,12274.9547,-3.323066438689178,10.1335854314927,1100,icici-bank,Large Cap,Sep-2025
171531,4897.0,1,Reliance Industries Ltd.,Crude Oil,Crude Oil,Domestic Equities,83424660.0,83310838.0,0.1366232806348677,11377.4551,11305.6973,0.6347047696032007,9.71550766129104,1100,reliance-industries,Large Cap,Sep-2025
171889,4926.0,1,Infosys Ltd.,IT,Information Technology,Domestic Equities,44050417.0,43985368.0,0.1478878157845581,6352.290400000001,6463.4299,-1.7195127311584135,5.42438757222127,1100,infosys,Large Cap,Sep-2025
133593,6508.0,1,Bharti Airtel Ltd.,Telecom,Telecom,Domestic Equities,33746061.0,32295866.0,4.49034251009092,6337.5103,6101.1735,3.873628573257268,5.41176645673257,1100,bharti-airtel,Large Cap,Sep-2025
152372,4964.0,1,Larsen & Toubro Ltd.,Infrastructure,Infrastructure,Domestic Equities,14415572.0,14393450.0,0.1536949098374607,5274.3695,5181.4261,1.7937802876316171,4.50392261145727,1100,larsen-toubro,Large Cap,Sep-2025
152408,5535.0,1,ITC Ltd.,FMCG,Fast Moving Consumer Goods,Domestic Equities,118912730.0,114021351.0,4.289879883987693,4775.5352,4672.0249,2.215533996832942,4.07795490420042,1100,itc,Large Cap,Sep-2025
133350,8843.0,1,State Bank Of India,Bank,Banking,Domestic Equities,51214170.0,51144345.0,0.136525357788823,4468.6924,4103.5665,8.89776978148154,3.81593378014325,1100,state-bank-of-india,Large Cap,Sep-2025
171400,5889.0,1,Axis Bank Ltd.,Bank,Banking,Domestic Equities,35190383.0,35114162.0,0.2170662651724395,3983.0235,3671.3612,8.4890121952588,3.401208353646,1100,axis-bank,Large Cap,Sep-2025
171656,5311.0,1,Mahindra & Mahindra Ltd.,Automobile & Ancillaries,Automobile & Ancillaries,Domestic Equities,10885827.0,10870968.0,0.1366851599599962,3730.1919,3476.6986,7.291207238959402,3.18530881150529,1100,mahindra-mahindra,Large Cap,Sep-2025
171492,5886.0,1,Kotak Mahindra Bank Ltd.,Bank,Banking,Domestic Equities,18143009.0,18116009.0,0.1490394490309648,3618.0789,3551.3718,1.878347403670892,3.0895725769206,1100,kotak-mahindra-bank,Large Cap,Sep-2025
171915,6797.0,1,Tata Consultancy Services Ltd.,IT,Information Technology,Domestic Equities,12490649.0,12473590.0,0.1367609485320585,3608.5485,3847.3541,-6.207008603653092,3.08143431810953,1100,tata-consultancy-services,Large Cap,Sep-2025
171484,6114.0,1,Bajaj Finance Ltd.,Finance,Finance,Domestic Equities,32180058.0,32136302.0,0.1361575454450235,3213.5006,2820.9246000000003,13.916571892775856,2.7440925430559,1100,bajaj-finance,Large Cap,Sep-2025
156921,98676.0,1,Eternal Ltd.,Retailing,Information Technology,Domestic Equities,85668706.0,85551948.0,0.1364761442953934,2788.5164,2688.0422,3.737820782724335,2.38118737535916,1100,eternal,Large Cap,Sep-2025
171717,5016.0,1,Hindustan Unilever Ltd.,FMCG,Fast Moving Consumer Goods,Domestic Equities,11008318.0,10993318.0,0.1364465214232864,2767.9865000000004,2924.2226,-5.342825132395867,2.36365635467111,1100,hindustan-unilever,Large Cap,Sep-2025
133625,7239.0,1,Maruti Suzuki India Ltd.,Automobile & Ancillaries,Automobile & Ancillaries,Domestic Equities,1628117.0,1625890.0,0.1369711358086955,2609.6355,2404.6832,8.523047859277256,2.22843627776014,1100,maruti-suzuki-india,Large Cap,Sep-2025
420,5071.0,1,Sun Pharmaceutical Industries Ltd.,Healthcare,Healthcare,Domestic Equities,13016008.0,12998342.0,0.1359096413988799,2075.9882,2072.0007,0.1924468461810847,1.77274083567685,1100,sun-pharmaceutical-industries,Large Cap,Sep-2025
133664,7760.0,1,NTPC Ltd.,Power,Power,Domestic Equities,58582113.0,58502256.0,0.1365024282140504,1993.8422,1916.2414,4.049635917478866,1.7025942092714,1100,ntpc,Large Cap,Sep-2025
171528,8219.0,1,HCL Technologies Ltd.,IT,Information Technology,Domestic Equities,13048794.0,13030941.0,0.1370046875356123,1807.258,1896.5883,-4.710052255410412,1.54326506152765,1100,hcl-technologies,Large Cap,Sep-2025
133309,5981.0,1,Bharat Electronics Ltd.,Capital Goods,Capital Goods,Domestic Equities,44161884.0,44101613.0,0.1366639356252117,1783.6985,1628.4521,9.5333722127903,1.52314698584777,1100,bharat-electronics,Large Cap,Sep-2025
133654,6850.0,1,Ultratech Cement Ltd.,Construction Materials,Construction Materials,Domestic Equities,1453243.0,1451292.0,0.1344319406432337,1776.4297,1834.034,-3.140852350610727,1.51693996666222,1100,ultratech-cement,Large Cap,Sep-2025
152378,5539.0,1,Tata Motors Ltd.,Automobile & Ancillaries,Automobile & Ancillaries,Domestic Equities,25874419.0,25836657.0,0.1461566796354497,1760.6248,1727.9556,1.8906272823213817,1.50344374754412,1100,tata-motors,Large Cap,Sep-2025
152362,5226.0,1,Tata Steel Ltd.,Iron & Steel,Iron & Steel,Domestic Equities,101584091.0,101445484.0,0.1366320062113361,1713.7235999999998,1566.8255,9.375523949540009,1.46339358132341,1100,tata-steel,Large Cap,Sep-2025
171461,6050.0,1,Titan Company Ltd.,Diamond  &  Jewellery,Diamond & Jewellery,Domestic Equities,5035121.0,5028268.0,0.1362894738307504,1695.5266,1824.5322,-7.070612401359646,1.44785468520309,1100,titan-company,Large Cap,Sep-2025
517,7825.0,1,Power Grid Corporation Of India Ltd.,Power,Power,Domestic Equities,56189373.0,56112752.0,0.1365482840691898,1573.8643,1545.0646,1.8639803151272776,1.34396405260105,1100,power-grid-corporation-of-india,Large Cap,Sep-2025
171708,8443.0,1,Bajaj Finserv Ltd.,Finance,Finance,Domestic Equities,7092041.0,6688945.0,6.026301606606125,1423.3017000000002,1279.2273,11.26261142175438,1.21539469495938,1100,bajaj-finserv,Large Cap,Sep-2025
171658,4978.0,1,Asian Paints Ltd.,Chemicals,Chemicals,Domestic Equities,5558469.0,5550869.0,0.1369154991767955,1306.3236,1397.3757999999998,-6.515942239732496,1.11550402373597,1100,asian-paints,Large Cap,Sep-2025
152205,8185.0,1,Trent Ltd.,Retailing,Retailing,Domestic Equities,2717421.0,2713731.0,0.1359751574492829,1271.3726,1439.6343,-11.687808494143267,1.0856584470859,1100,trent,Large Cap,Sep-2025
539,7794.0,1,Adani Ports and Special Economic Zone Ltd.,Logistics,Logistics,Domestic Equities,9055338.0,9043082.0,0.1355290154396476,1271.0072,1187.8088,7.004359624208877,1.08534642243115,1100,adani-ports-and-special-economic-zone,Large Cap,Sep-2025
171369,7531.0,1,Tech Mahindra Ltd.,IT,Information Technology,Domestic Equities,7848109.0,7835778.0,0.1573679090959442,1098.4998,1160.7138,-5.359977627559876,0.938037823838714,1100,tech-mahindra,Large Cap,Sep-2025
171875,5051.0,1,HDFC Bank Ltd.,Bank,Banking,Domestic Equities,186697290.0,92938039.0,100.8836123602737,17763.313700000002,18761.4019,-5.319902027150745,15.3265568157257,1100,hdfc-bank,Large Cap,Aug-2025
171888,8748.0,1,ICICI Bank Ltd.,Bank,Banking,Domestic Equities,87803682.0,87417424.0,0.4418547039317928,12274.9547,12951.7655,-5.225625803679049,10.5910864266282,1100,icici-bank,Large Cap,Aug-2025
171531,4897.0,1,Reliance Industries Ltd.,Crude Oil,Crude Oil,Domestic Equities,83310838.0,82944324.0,0.4418795431981578,11305.6973,11531.7494,-1.9602585189719752,9.75479096616114,1100,reliance-industries,Large Cap,Aug-2025
171889,4926.0,1,Infosys Ltd.,IT,Information Technology,Domestic Equities,43985368.0,43791849.0,0.4419064378852786,6463.4299,6606.4383,-2.164682291818266,5.57678185837647,1100,infosys,Large Cap,Aug-2025
133593,6508.0,1,Bharti Airtel Ltd.,Telecom,Telecom,Domestic Equities,32295866.0,32153895.0,0.4415359321164667,6101.1735,6151.6832,-0.8210712151106827,5.26421949584496,1100,bharti-airtel,Large Cap,Aug-2025
152372,4964.0,1,Larsen & Toubro Ltd.,Infrastructure,Infrastructure,Domestic Equities,14393450.0,14330138.0,0.4418101207399398,5181.4261,5209.9366,-0.5472331467526858,4.47064229396196,1100,larsen-toubro,Large Cap,Aug-2025
152408,5535.0,1,ITC Ltd.,FMCG,Fast Moving Consumer Goods,Domestic Equities,114021351.0,113519838.0,0.4417844570919842,4672.0249,4674.7469,-0.0582277513248924,4.03112033507212,1100,itc,Large Cap,Aug-2025
133350,8843.0,1,State Bank Of India,Bank,Banking,Domestic Equities,51144345.0,47043276.0,8.717651806392054,4103.5665,3746.7617,9.523018237322123,3.54064259470678,1100,state-bank-of-india,Large Cap,Aug-2025
171915,6797.0,1,Tata Consultancy Services Ltd.,IT,Information Technology,Domestic Equities,12473590.0,12418713.0,0.4418895903303345,3847.3541,3771.9978,1.9977821832239528,3.31957720275272,1100,tata-consultancy-services,Large Cap,Aug-2025
171400,5889.0,1,Axis Bank Ltd.,Bank,Banking,Domestic Equities,35114162.0,34959682.0,0.4418804495990552,3671.3612,3734.7428,-1.6970807199896152,3.16772686522171,1100,axis-bank,Large Cap,Aug-2025
171492,5886.0,1,Kotak Mahindra Bank Ltd.,Bank,Banking,Domestic Equities,18116009.0,18036293.0,0.4419755212448589,3551.3718,3568.6609000000003,-0.4844702392429699,3.06419751324135,1100,kotak-mahindra-bank,Large Cap,Aug-2025
171656,5311.0,1,Mahindra & Mahindra Ltd.,Automobile & Ancillaries,Automobile & Ancillaries,Domestic Equities,10870968.0,10823130.0,0.4419978324200116,3476.6986,3467.2438,0.2726892178738574,2.99976792190828,1100,mahindra-mahindra,Large Cap,Aug-2025
171717,5016.0,1,Hindustan Unilever Ltd.,FMCG,Fast Moving Consumer Goods,Domestic Equities,10993318.0,10945059.0,0.4409204189762704,2924.2226,2760.1797,5.943196379569069,2.5230801289474,1100,hindustan-unilever,Large Cap,Aug-2025
171484,6114.0,1,Bajaj Finance Ltd.,Finance,Finance,Domestic Equities,32136302.0,31994918.0,0.441895178478032,2820.9246000000003,2817.9524,0.1054737475338583,2.4339524643298,1100,bajaj-finance,Large Cap,Aug-2025
156921,98676.0,1,Eternal Ltd.,Retailing,Information Technology,Domestic Equities,85551948.0,85175616.0,0.4418306760470039,2688.0422,2622.1313,2.5136384284036297,2.31929876357294,1100,eternal,Large Cap,Aug-2025
133625,7239.0,1,Maruti Suzuki India Ltd.,Automobile & Ancillaries,Automobile & Ancillaries,Domestic Equities,1625890.0,1618740.0,0.4417015703571914,2404.6832,2045.189,17.577553957115953,2.07481072006407,1100,maruti-suzuki-india,Large Cap,Aug-2025
420,5071.0,1,Sun Pharmaceutical Industries Ltd.,Healthcare,Healthcare,Domestic Equities,12998342.0,12941189.0,0.4416363905974945,2072.0007,2207.1845000000003,-6.124716805504934,1.78776533405326,1100,sun-pharmaceutical-industries,Large Cap,Aug-2025
133664,7760.0,1,NTPC Ltd.,Power,Power,Domestic Equities,58502256.0,58244848.0,0.4419412340126631,1916.2414,1946.834,-1.5714025951878694,1.65337296777829,1100,ntpc,Large Cap,Aug-2025
171528,8219.0,1,HCL Technologies Ltd.,IT,Information Technology,Domestic Equities,13030941.0,12973637.0,0.4416957249536116,1896.5883,1903.6866,-0.3728712488704896,1.63641586400574,1100,hcl-technologies,Large Cap,Aug-2025
133654,6850.0,1,Ultratech Cement Ltd.,Construction Materials,Construction Materials,Domestic Equities,1451292.0,1444876.0,0.4440519463261899,1834.034,1768.2392000000002,3.720921920518435,1.58244271185576,1100,ultratech-cement,Large Cap,Aug-2025
171461,6050.0,1,Titan Company Ltd.,Diamond  &  Jewellery,Diamond & Jewellery,Domestic Equities,5028268.0,5006122.0,0.4423783519458774,1824.5322,1675.1736,8.91600727232092,1.57424436102938,1100,titan-company,Large Cap,Aug-2025
152378,5539.0,1,Tata Motors Ltd.,Automobile & Ancillaries,Automobile & Ancillaries,Domestic Equities,25836657.0,25723021.0,0.4417677068335014,1727.9556,1713.2818,0.8564732316656868,1.49091606024226,1100,tata-motors,Large Cap,Aug-2025
133309,5981.0,1,Bharat Electronics Ltd.,Capital Goods,Capital Goods,Domestic Equities,44101613.0,43907689.0,0.4416629624938811,1628.4521,1681.6645,-3.1642696863732445,1.40506236920974,1100,bharat-electronics,Large Cap,Aug-2025
152362,5226.0,1,Tata Steel Ltd.,Iron & Steel,Iron & Steel,Domestic Equities,101445484.0,100999100.0,0.441968294766983,1566.8255,1593.7658,-1.6903550069903617,1.35188965593046,1100,tata-steel,Large Cap,Aug-2025
517,7825.0,1,Power Grid Corporation Of India Ltd.,Power,Power,Domestic Equities,56112752.0,55865875.0,0.4419102000997926,1545.0646,1625.4176,-4.943529588949952,1.33311389844264,1100,power-grid-corporation-of-india,Large Cap,Aug-2025
152205,8185.0,1,Trent Ltd.,Retailing,Retailing,Domestic Equities,2713731.0,2701772.0,0.442635425935275,1439.6343,1356.1409,6.156690650654365,1.24214644099977,1100,trent,Large Cap,Aug-2025
171658,4978.0,1,Asian Paints Ltd.,Chemicals,Chemicals,Domestic Equities,5550869.0,5526451.0,0.4418387134890005,1397.3757999999998,1324.1377,5.531003308794847,1.20568492756057,1100,asian-paints,Large Cap,Aug-2025
171708,8443.0,1,Bajaj Finserv Ltd.,Finance,Finance,Domestic Equities,6688945.0,6659483.0,0.442406715356132,1279.2273,1297.4005,-1.4007394015957346,1.10374394241978,1100,bajaj-finserv,Large Cap,Aug-2025
539,7794.0,1,Adani Ports and Special Economic Zone Ltd.,Logistics,Logistics,Domestic Equities,9043082.0,9003331.0,0.4415143684043161,1187.8088,1236.3374,-3.925190647795658,1.024866157682,1100,adani-ports-and-special-economic-zone,Large Cap,Aug-2025
171369,7531.0,1,Tech Mahindra Ltd.,IT,Information Technology,Domestic Equities,7835778.0,7801317.0,0.4417331073714861,1160.7138,1142.1518,1.6251780192440373,1.00148802768128,1100,tech-mahindra,Large Cap,Aug-2025
171875,5051.0,1,HDFC Bank Ltd.,Bank,Banking,Domestic Equities,92938039.0,92353290.0,0.6331653154966109,18761.4019,18477.1227,1.5385469080637717,16.0007119989476,1100,hdfc-bank,Large Cap,Jul-2025
171888,8748.0,1,ICICI Bank Ltd.,Bank,Banking,Domestic Equities,87417424.0,86867422.0,0.6331510563304158,12951.7655,12559.2919,3.1249659863387764,11.0459479919465,1100,icici-bank,Large Cap,Jul-2025
171531,4897.0,1,Reliance Industries Ltd.,Crude Oil,Crude Oil,Domestic Equities,82944324.0,82422533.0,0.6330683867723406,11531.7494,12368.7374,-6.766963942495864,9.83488344724584,1100,reliance-industries,Large Cap,Jul-2025
171889,4926.0,1,Infosys Ltd.,IT,Information Technology,Domestic Equities,43791849.0,43516372.0,0.6330422030586558,6606.4383,6968.2766,-5.1926512216808485,5.63431864743097,1100,infosys,Large Cap,Jul-2025
133593,6508.0,1,Bharti Airtel Ltd.,Telecom,Telecom,Domestic Equities,32153895.0,31951521.0,0.6333782983288965,6151.6832,6420.3386,-4.184442857889152,5.2464795390351,1100,bharti-airtel,Large Cap,Jul-2025
152372,4964.0,1,Larsen & Toubro Ltd.,Infrastructure,Infrastructure,Domestic Equities,14330138.0,14239978.0,0.6331470455923458,5209.9366,5224.0071,-0.269343048940352,4.44330842192428,1100,larsen-toubro,Large Cap,Jul-2025
152408,5535.0,1,ITC Ltd.,FMCG,Fast Moving Consumer Goods,Domestic Equities,113519838.0,112805606.0,0.6331529303605709,4674.7469,4698.3535,-0.5024441008961915,3.98687044889076,1100,itc,Large Cap,Jul-2025
171915,6797.0,1,Tata Consultancy Services Ltd.,IT,Information Technology,Domestic Equities,12418713.0,12340590.0,0.6330572525300654,3771.9978,4271.1399,-11.68639079230347,3.21695845439268,1100,tata-consultancy-services,Large Cap,Jul-2025
133350,8843.0,1,State Bank Of India,Bank,Banking,Domestic Equities,47043276.0,46747343.0,0.6330477434835173,3746.7617,3834.9183,-2.2987869128789606,3.19543577872969,1100,state-bank-of-india,Large Cap,Jul-2025
171400,5889.0,1,Axis Bank Ltd.,Bank,Banking,Domestic Equities,34959682.0,34739758.0,0.6330614047455367,3734.7428,4165.2970000000005,-10.33669867958995,3.18518542758487,1100,axis-bank,Large Cap,Jul-2025
171492,5886.0,1,Kotak Mahindra Bank Ltd.,Bank,Banking,Domestic Equities,18036293.0,17922855.0,0.6329237166734876,3568.6609000000003,3877.8785,-7.973885721277743,3.04354203311455,1100,kotak-mahindra-bank,Large Cap,Jul-2025
171656,5311.0,1,Mahindra & Mahindra Ltd.,Automobile & Ancillaries,Automobile & Ancillaries,Domestic Equities,10823130.0,10755059.0,0.6329207492027705,3467.2438,3424.5721000000003,1.246044724828537,2.95704818699804,1100,mahindra-mahindra,Large Cap,Jul-2025
171484,6114.0,1,Bajaj Finance Ltd.,Finance,Finance,Domestic Equities,31994918.0,31793644.0,0.6330636400155956,2817.9524,2976.521,-5.327313329890831,2.40329827267029,1100,bajaj-finance,Large Cap,Jul-2025
171717,5016.0,1,Hindustan Unilever Ltd.,FMCG,Fast Moving Consumer Goods,Domestic Equities,10945059.0,10876112.0,0.633930581075296,2760.1797,2495.7958,10.593170322668218,2.35402667031196,1100,hindustan-unilever,Large Cap,Jul-2025
156921,98676.0,1,Eternal Ltd.,Retailing,Information Technology,Domestic Equities,85175616.0,84639780.0,0.6330782050709489,2622.1313,2234.9134,17.325857010835414,2.23629172160776,1100,eternal,Large Cap,Jul-2025
420,5071.0,1,Sun Pharmaceutical Industries Ltd.,Healthcare,Healthcare,Domestic Equities,12941189.0,12859743.0,0.6333408062665016,2207.1845000000003,2156.3217,2.3587760583219093,1.88240322878223,1100,sun-pharmaceutical-industries,Large Cap,Jul-2025
133625,7239.0,1,Maruti Suzuki India Ltd.,Automobile & Ancillaries,Automobile & Ancillaries,Domestic Equities,1618740.0,1608553.0,0.6333021044379639,2045.189,1994.4368,2.544688304989158,1.74424493152698,1100,maruti-suzuki-india,Large Cap,Jul-2025
133664,7760.0,1,NTPC Ltd.,Power,Power,Domestic Equities,58244848.0,57878486.0,0.6329847674315462,1946.834,1938.6399,0.4226726170239267,1.66036260561953,1100,ntpc,Large Cap,Jul-2025
171528,8219.0,1,HCL Technologies Ltd.,IT,Information Technology,Domestic Equities,12973637.0,12891993.0,0.633292307868923,1903.6866,2227.3496,-14.531306625596624,1.62356422964617,1100,hcl-technologies,Large Cap,Jul-2025
133654,6850.0,1,Ultratech Cement Ltd.,Construction Materials,Construction Materials,Domestic Equities,1444876.0,1435827.0,0.6302291292753236,1768.2392000000002,1733.3806,2.0110182380026727,1.50804755077761,1100,ultratech-cement,Large Cap,Jul-2025
152378,5539.0,1,Tata Motors Ltd.,Automobile & Ancillaries,Automobile & Ancillaries,Domestic Equities,25723021.0,25561175.0,0.633171205940259,1713.2818,1758.7366,-2.5845143610475896,1.46117698458549,1100,tata-motors,Large Cap,Jul-2025
133309,5981.0,1,Bharat Electronics Ltd.,Capital Goods,Capital Goods,Domestic Equities,43907689.0,43631362.0,0.6333219668916135,1681.6645,1839.9345,-8.601936645027308,1.43421208536416,1100,bharat-electronics,Large Cap,Jul-2025
171461,6050.0,1,Titan Company Ltd.,Diamond  &  Jewellery,Diamond & Jewellery,Domestic Equities,5006122.0,4974663.0,0.632384545445591,1675.1736,1835.2527,-8.722455496183171,1.4286763038662,1100,titan-company,Large Cap,Jul-2025
517,7825.0,1,Power Grid Corporation Of India Ltd.,Power,Power,Domestic Equities,55865875.0,55514437.0,0.633056946970389,1625.4176,1664.3228,-2.3375994128062114,1.38624176563376,1100,power-grid-corporation-of-india,Large Cap,Jul-2025
152362,5226.0,1,Tata Steel Ltd.,Iron & Steel,Iron & Steel,Domestic Equities,100999100.0,100363805.0,0.6329921429343975,1593.7658,1603.3118,-0.5953926117178242,1.35924744299477,1100,tata-steel,Large Cap,Jul-2025
152205,8185.0,1,Trent Ltd.,Retailing,Retailing,Domestic Equities,2701772.0,2684803.0,0.6320389242711663,1356.1409,1669.7193,-18.780306366465307,1.15658840882746,1100,trent,Large Cap,Jul-2025
171658,4978.0,1,Asian Paints Ltd.,Chemicals,Chemicals,Domestic Equities,5526451.0,5491680.0,0.633157795064534,1324.1377,1285.7945,2.9820628413016177,1.1292943937547,1100,asian-paints,Large Cap,Jul-2025
171708,8443.0,1,Bajaj Finserv Ltd.,Finance,Finance,Domestic Equities,6659483.0,6617629.0,0.6324621703634338,1297.4005,1359.4926,-4.567299593980876,1.10649150092513,1100,bajaj-finserv,Large Cap,Jul-2025
539,7794.0,1,Adani Ports and Special Economic Zone Ltd.,Logistics,Logistics,Domestic Equities,9003331.0,8946645.0,0.6336006402400005,1236.3374,1297.4425,-4.709657653422017,1.05441367208959,1100,adani-ports-and-special-economic-zone,Large Cap,Jul-2025
171369,7531.0,1,Tech Mahindra Ltd.,IT,Information Technology,Domestic Equities,7801317.0,7752230.0,0.6331984474144859,1142.1518,1308.0338000000002,-12.681782382076069,0.974087230170128,1100,tech-mahindra,Large Cap,Jul-2025
171875,5051.0,1,HDFC Bank Ltd.,Bank,Banking,Domestic Equities,92353290.0,93231088.0,-0.9415292890285696,18477.1227,18129.7174,1.9162201612695864,15.3923211446153,1100,hdfc-bank,Large Cap,Jun-2025
171888,8748.0,1,ICICI Bank Ltd.,Bank,Banking,Domestic Equities,86867422.0,87608435.0,-0.8458238068058174,12559.2919,12667.7417,-0.8561099726244008,10.4624869040765,1100,icici-bank,Large Cap,Jun-2025
171531,4897.0,1,Reliance Industries Ltd.,Crude Oil,Crude Oil,Domestic Equities,82422533.0,83285367.0,-1.0359971157958636,12368.7374,11833.1849,4.525852545412351,10.3037459514307,1100,reliance-industries,Large Cap,Jun-2025
171889,4926.0,1,Infosys Ltd.,IT,Information Technology,Domestic Equities,43516372.0,43955180.0,-0.9983078217402362,6968.2766,6869.315500000001,1.4406253432383451,5.80490550358839,1100,infosys,Large Cap,Jun-2025
133593,6508.0,1,Bharti Airtel Ltd.,Telecom,Telecom,Domestic Equities,31951521.0,32987804.0,-3.14141250505793,6420.3386,6125.1754,4.818853024192572,5.3484471144617,1100,bharti-airtel,Large Cap,Jun-2025
152372,4964.0,1,Larsen & Toubro Ltd.,Infrastructure,Infrastructure,Domestic Equities,14239978.0,14388032.0,-1.0290079977581368,5224.0071,5288.680899999999,-1.2228720397935045,4.35184613159225,1100,larsen-toubro,Large Cap,Jun-2025
152408,5535.0,1,ITC Ltd.,FMCG,Fast Moving Consumer Goods,Domestic Equities,112805606.0,113972440.0,-1.0237861012715004,4698.3535,4762.9083,-1.3553651662787711,3.91395170650283,1100,itc,Large Cap,Jun-2025
171915,6797.0,1,Tata Consultancy Services Ltd.,IT,Information Technology,Domestic Equities,12340590.0,12469857.0,-1.036635784997374,4271.1399,4320.182,-1.1351859713317682,3.55806247876354,1100,tata-consultancy-services,Large Cap,Jun-2025
171400,5889.0,1,Axis Bank Ltd.,Bank,Banking,Domestic Equities,34739758.0,35063530.0,-0.9233867782279764,4165.2970000000005,4179.7481,-0.3457409311341002,3.46989031396661,1100,axis-bank,Large Cap,Jun-2025
171492,5886.0,1,Kotak Mahindra Bank Ltd.,Bank,Banking,Domestic Equities,17922855.0,18109847.0,-1.0325432346281005,3877.8785,3759.0609,3.1608320046105,3.23045704685389,1100,kotak-mahindra-bank,Large Cap,Jun-2025
133350,8843.0,1,State Bank Of India,Bank,Banking,Domestic Equities,46747343.0,47237067.0,-1.036736679692666,3834.9183,3837.5393,-0.0682989748144017,3.19466915901154,1100,state-bank-of-india,Large Cap,Jun-2025
171656,5311.0,1,Mahindra & Mahindra Ltd.,Automobile & Ancillaries,Automobile & Ancillaries,Domestic Equities,10755059.0,10867718.0,-1.036638970573215,3424.5721000000003,3236.8955,5.798043217644818,2.85283127692222,1100,mahindra-mahindra,Large Cap,Jun-2025
171484,6114.0,1,Bajaj Finance Ltd.,Finance,Finance,Domestic Equities,31793644.0,3204665.0,892.1050718249802,2976.521,2940.2,1.2353241276103588,2.47958342159472,1100,bajaj-finance,Large Cap,Jun-2025
171717,5016.0,1,Hindustan Unilever Ltd.,FMCG,Fast Moving Consumer Goods,Domestic Equities,10876112.0,10990082.0,-1.0370259293788708,2495.7958,2581.9549,-3.336971532694085,2.07911648846614,1100,hindustan-unilever,Large Cap,Jun-2025
156921,98676.0,1,Eternal Ltd.,Retailing,Information Technology,Domestic Equities,84639780.0,85526449.0,-1.0367190621932638,2234.9134,2041.944,9.450278753971707,1.86178905350907,1100,eternal,Large Cap,Jun-2025
171528,8219.0,1,HCL Technologies Ltd.,IT,Information Technology,Domestic Equities,12891993.0,13027037.0,-1.0366440196646405,2227.3496,2133.2424,4.4114630386120215,1.85548804871715,1100,hcl-technologies,Large Cap,Jun-2025
420,5071.0,1,Sun Pharmaceutical Industries Ltd.,Healthcare,Healthcare,Domestic Equities,12859743.0,13289773.0,-3.2357964278246136,2156.3217,2230.4226,-3.322280719357846,1.79631843314559,1100,sun-pharmaceutical-industries,Large Cap,Jun-2025
133625,7239.0,1,Maruti Suzuki India Ltd.,Automobile & Ancillaries,Automobile & Ancillaries,Domestic Equities,1608553.0,1625402.0,-1.0366050983079875,1994.4368,2002.097,-0.3826088346368925,1.66146061952811,1100,maruti-suzuki-india,Large Cap,Jun-2025
133664,7760.0,1,NTPC Ltd.,Power,Power,Domestic Equities,57878486.0,58484841.0,-1.0367729306129088,1938.6399,1954.8558,-0.8295189854924321,1.61497915065341,1100,ntpc,Large Cap,Jun-2025
133309,5981.0,1,Bharat Electronics Ltd.,Capital Goods,Capital Goods,Domestic Equities,43631362.0,,,1839.9345,,,1.53275286249288,1100,bharat-electronics,Large Cap,Jun-2025
171461,6050.0,1,Titan Company Ltd.,Diamond  &  Jewellery,Diamond & Jewellery,Domestic Equities,4974663.0,5026774.0,-1.036668845665232,1835.2527,1786.616,2.7222805572098223,1.52885270063841,1100,titan-company,Large Cap,Jun-2025
152378,5539.0,1,Tata Motors Ltd.,Automobile & Ancillaries,Automobile & Ancillaries,Domestic Equities,25561175.0,25827809.0,-1.032352376463679,1758.7366,1858.1817,-5.351742512586368,1.4651111536965,1100,tata-motors,Large Cap,Jun-2025
133654,6850.0,1,Ultratech Cement Ltd.,Construction Materials,Construction Materials,Domestic Equities,1435827.0,1414593.0,1.5010677982995817,1733.3806,1583.9551,9.433695437452732,1.44398840091298,1100,ultratech-cement,Large Cap,Jun-2025
152205,8185.0,1,Trent Ltd.,Retailing,Retailing,Domestic Equities,2684803.0,,,1669.7193,,,1.39095551316343,1100,trent,Large Cap,Jun-2025
517,7825.0,1,Power Grid Corporation Of India Ltd.,Power,Power,Domestic Equities,55514437.0,56096012.0,-1.0367492790753112,1664.3228,1626.2234,2.3428146464993693,1.38645997225019,1100,power-grid-corporation-of-india,Large Cap,Jun-2025
152362,5226.0,1,Tata Steel Ltd.,Iron & Steel,Iron & Steel,Domestic Equities,100363805.0,101415219.0,-1.0367418326040394,1603.3118,1632.785,-1.8050876263561992,1.33563491032893,1100,tata-steel,Large Cap,Jun-2025
171708,8443.0,1,Bajaj Finserv Ltd.,Finance,Finance,Domestic Equities,6617629.0,6682173.0,-0.9659133338810592,1359.4926,1346.9924,0.9280082055400006,1.13252193172523,1100,bajaj-finserv,Large Cap,Jun-2025
171369,7531.0,1,Tech Mahindra Ltd.,IT,Information Technology,Domestic Equities,7752230.0,7831555.0,-1.0128895219404066,1308.0338000000002,1232.6868,6.112420446134421,1.08965430627418,1100,tech-mahindra,Large Cap,Jun-2025
539,7794.0,1,Adani Ports and Special Economic Zone Ltd.,Logistics,Logistics,Domestic Equities,8946645.0,9040364.0,-1.036672859632643,1297.4425,1294.8964999999998,0.1966180308619305,1.08083125013141,1100,adani-ports-and-special-economic-zone,Large Cap,Jun-2025
171658,4978.0,1,Asian Paints Ltd.,Chemicals,Chemicals,Domestic Equities,5491680.0,5549207.0,-1.036670645012882,1285.7945,1254.1485,2.523305653198159,1.07112791267983,1100,asian-paints,Large Cap,Jun-2025
171875,5051.0,1,HDFC Bank Ltd.,Bank,Banking,Domestic Equities,95366019.0,98902961.0,-3.576174023748389,16903.15,17779.290800000002,-4.927872601082608,14.7532717433272,1100,hdfc-bank,Large Cap,Dec-2024
171888,8748.0,1,ICICI Bank Ltd.,Bank,Banking,Domestic Equities,88921264.0,92342605.0,-3.705051422363491,11399.706,12010.5409,-5.085823403673684,9.9497999137461,1100,icici-bank,Large Cap,Dec-2024
171531,4897.0,1,Reliance Industries Ltd.,Crude Oil,Crude Oil,Domestic Equities,85279052.0,88710431.0,-3.868067104757951,10365.2424,11465.3797,-9.595297572220831,9.04690769546841,1100,reliance-industries,Large Cap,Dec-2024
171889,4926.0,1,Infosys Ltd.,IT,Information Technology,Domestic Equities,45529365.0,47363435.0,-3.8723331616467433,8562.7077,8802.2576,-2.721459776410087,7.47363382309097,1100,infosys,Large Cap,Dec-2024
152408,5535.0,1,ITC Ltd.,FMCG,Fast Moving Consumer Goods,Domestic Equities,116674706.0,121335201.0,-3.841008183602053,5642.9722,5788.2958,-2.5106457068071726,4.92525371345819,1100,itc,Large Cap,Dec-2024
133593,6508.0,1,Bharti Airtel Ltd.,Telecom,Telecom,Domestic Equities,33731826.0,35082669.0,-3.850456759718025,5357.1199,5709.529,-6.172297224517124,4.67575840279982,1100,bharti-airtel,Large Cap,Dec-2024
152372,4964.0,1,Larsen & Toubro Ltd.,Infrastructure,Infrastructure,Domestic Equities,14730532.0,15324086.0,-3.873340308844521,5314.7759,5709.6012,-6.915111689411868,4.63880005251011,1100,larsen-toubro,Large Cap,Dec-2024
171915,6797.0,1,Tata Consultancy Services Ltd.,IT,Information Technology,Domestic Equities,12768374.0,13282863.0,-3.873329115869072,5231.4582,5676.4979,-7.84003989502049,4.5660793661807,1100,tata-consultancy-services,Large Cap,Dec-2024
133350,8843.0,1,State Bank Of India,Bank,Banking,Domestic Equities,48367831.0,50316728.0,-3.873258610933525,3845.4844,4221.5735,-8.908742202403909,3.3563848358398,1100,state-bank-of-india,Large Cap,Dec-2024
171400,5889.0,1,Axis Bank Ltd.,Bank,Banking,Domestic Equities,35879766.0,37296951.0,-3.799734192749429,3822.0921,4239.5444,-9.84663116159368,3.33596775626579,1100,axis-bank,Large Cap,Dec-2024
171656,5311.0,1,Mahindra & Mahindra Ltd.,Automobile & Ancillaries,Automobile & Ancillaries,Domestic Equities,11127884.0,12717598.0,-12.500112049460911,3346.0991,3775.7913,-11.380189365868826,2.92051536562135,1100,mahindra-mahindra,Large Cap,Dec-2024
171492,5886.0,1,Kotak Mahindra Bank Ltd.,Bank,Banking,Domestic Equities,18542690.0,19289853.0,-3.8733472981883272,3312.2807000000003,3408.1312,-2.81240640031698,2.89099826110979,1100,kotak-mahindra-bank,Large Cap,Dec-2024
171717,5016.0,1,Hindustan Unilever Ltd.,FMCG,Fast Moving Consumer Goods,Domestic Equities,11253157.0,11706588.0,-3.873297667945605,2618.3283,2922.257,-10.40047812358736,2.28530829597702,1100,hindustan-unilever,Large Cap,Dec-2024
420,5071.0,1,Sun Pharmaceutical Industries Ltd.,Healthcare,Healthcare,Domestic Equities,13607902.0,14156220.0,-3.873336243714777,2564.4091,2522.1429000000003,1.6758051258713356,2.23824697250874,1100,sun-pharmaceutical-industries,Large Cap,Dec-2024
171528,8219.0,1,HCL Technologies Ltd.,IT,Information Technology,Domestic Equities,13338876.0,13876357.0,-3.873358115534214,2558.8633,2565.5996,-0.2625624045154999,2.23340653185513,1100,hcl-technologies,Large Cap,Dec-2024
171484,6114.0,1,Bajaj Finance Ltd.,Finance,Finance,Domestic Equities,3510740.0,3652204.0,-3.8733871382869087,2394.8162,2402.2189000000003,-0.3081609257174767,2.09022425843243,1100,bajaj-finance,Large Cap,Dec-2024
156921,98676.0,1,Eternal Ltd.,Retailing,Information Technology,Domestic Equities,85552520.0,,,2378.3601,,,2.07586117728275,1100,eternal,Large Cap,Dec-2024
133664,7760.0,1,NTPC Ltd.,Power,Power,Domestic Equities,59884826.0,62297868.0,-3.873394190632656,1996.5601,2266.7079,-11.91806849043055,1.74262156504465,1100,ntpc,Large Cap,Dec-2024
152378,5539.0,1,Tata Motors Ltd.,Automobile & Ancillaries,Automobile & Ancillaries,Domestic Equities,26444661.0,27500509.0,-3.83937620936398,1958.756,2163.8776000000003,-9.479353175983707,1.70962569384243,1100,tata-motors,Large Cap,Dec-2024
133625,7239.0,1,Maruti Suzuki India Ltd.,Automobile & Ancillaries,Automobile & Ancillaries,Domestic Equities,1664311.0,1731373.0,-3.873342139446555,1808.5901,1917.0628,-5.658275774794644,1.57855909801376,1100,maruti-suzuki-india,Large Cap,Dec-2024
517,7825.0,1,Power Grid Corporation Of India Ltd.,Power,Power,Domestic Equities,57438848.0,59753276.0,-3.87330729782916,1772.5628,1969.468,-9.997887754459574,1.54711403912957,1100,power-grid-corporation-of-india,Large Cap,Dec-2024
171461,6050.0,1,Titan Company Ltd.,Diamond  &  Jewellery,Diamond & Jewellery,Domestic Equities,5259018.0,5470926.0,-3.8733479487750335,1711.1004,1777.75,-3.749098579665304,1.49346892036785,1100,titan-company,Large Cap,Dec-2024
133654,6850.0,1,Ultratech Cement Ltd.,Construction Materials,Construction Materials,Domestic Equities,1419080.0,1476254.0,-3.8729107592595855,1620.937,1653.3307,-1.959299491626204,1.4147732250979,1100,ultratech-cement,Large Cap,Dec-2024
152362,5226.0,1,Tata Steel Ltd.,Iron & Steel,Iron & Steel,Domestic Equities,103842876.0,108027137.0,-3.873342491711133,1434.0701,1561.5323,-8.162636149120962,1.25167355695716,1100,tata-steel,Large Cap,Dec-2024
171369,7531.0,1,Tech Mahindra Ltd.,IT,Information Technology,Domestic Equities,8015766.0,8336830.0,-3.851152056597052,1367.129,1426.8901,-4.18820622555305,1.19324656322538,1100,tech-mahindra,Large Cap,Dec-2024
171658,4978.0,1,Asian Paints Ltd.,Chemicals,Chemicals,Domestic Equities,5682043.0,5910995.0,-3.873324203454749,1296.6706,1465.8972,-11.5442337975678,1.13174962793226,1100,asian-paints,Large Cap,Dec-2024
539,7794.0,1,Adani Ports and Special Economic Zone Ltd.,Logistics,Logistics,Domestic Equities,9256761.0,9629759.0,-3.873388731742923,1137.5634,1145.6043,-0.7018915693664877,0.992878958387236,1100,adani-ports-and-special-economic-zone,Large Cap,Dec-2024
171708,8443.0,1,Bajaj Finserv Ltd.,Finance,Finance,Domestic Equities,6842114.0,7117813.0,-3.873366720929589,1072.8435,1124.65,-4.606455341661845,0.936390654615397,1100,bajaj-finserv,Large Cap,Dec-2024
152400,5891.0,1,Nestle India Ltd.,FMCG,Fast Moving Consumer Goods,Domestic Equities,4496224.0,4677393.0,-3.873290099848356,975.793,1045.257,-6.64563834540213,0.851683815989119,1100,nestle-india,Large Cap,Dec-2024
114442,5285.0,1,IndusInd Bank Ltd.,Bank,Banking,Domestic Equities,8345750.0,8679921.0,-3.849931353061854,801.4005999999999,864.8673,-7.338316525552531,0.699472040836498,1100,indusind-bank,Mid Cap,Dec-2024
171875,5051.0,1,HDFC Bank Ltd.,Bank,Banking,Domestic Equities,92906883.0,95366019.0,-2.5786291865659194,15787.2021,16903.15,-6.602011459402539,14.2585750331066,1100,hdfc-bank,Large Cap,Jan-2025
171888,8748.0,1,ICICI Bank Ltd.,Bank,Banking,Domestic Equities,86628212.0,88921264.0,-2.578744269762068,10850.6167,11399.706,-4.816697027098783,9.7999842779253,1100,icici-bank,Large Cap,Jan-2025
171531,4897.0,1,Reliance Industries Ltd.,Crude Oil,Crude Oil,Domestic Equities,83079958.0,85279052.0,-2.578703618797263,10508.7839,10365.2424,1.384834955716994,9.49125011485426,1100,reliance-industries,Large Cap,Jan-2025
171889,4926.0,1,Infosys Ltd.,IT,Information Technology,Domestic Equities,44355349.0,45529365.0,-2.5785907622476176,8339.027399999999,8562.7077,-2.612261306081957,7.53158457926067,1100,infosys,Large Cap,Jan-2025
133593,6508.0,1,Bharti Airtel Ltd.,Telecom,Telecom,Domestic Equities,32861937.0,33731826.0,-2.578837564263494,5345.815600000001,5357.1199,-0.2110145042674767,4.82819643170031,1100,bharti-airtel,Large Cap,Jan-2025
152372,4964.0,1,Larsen & Toubro Ltd.,Infrastructure,Infrastructure,Domestic Equities,14350693.0,14730532.0,-2.578583040992681,5119.1792,5314.7759,-3.680243601616389,4.62350454936651,1100,larsen-toubro,Large Cap,Jan-2025
171915,6797.0,1,Tata Consultancy Services Ltd.,IT,Information Technology,Domestic Equities,12439178.0,12768374.0,-2.578213952692802,5111.2582,5231.4582,-2.297638543685583,4.61635051585748,1100,tata-consultancy-services,Large Cap,Jan-2025
152408,5535.0,1,ITC Ltd.,FMCG,Fast Moving Consumer Goods,Domestic Equities,113665986.0,116674706.0,-2.5787251608759143,5087.1212,5642.9722,-9.850323203789658,4.59455062862008,1100,itc,Large Cap,Jan-2025
133350,8843.0,1,State Bank Of India,Bank,Banking,Domestic Equities,47120781.0,48367831.0,-2.578263226233982,3642.9076,3845.4844,-5.267913711989052,3.29017586677212,1100,state-bank-of-india,Large Cap,Jan-2025
171400,5889.0,1,Axis Bank Ltd.,Bank,Banking,Domestic Equities,34954633.0,35879766.0,-2.5784253999872795,3447.925,3822.0921,-9.789588796146491,3.11407284264917,1100,axis-bank,Large Cap,Jan-2025
171492,5886.0,1,Kotak Mahindra Bank Ltd.,Bank,Banking,Domestic Equities,18064688.0,18542690.0,-2.5778460406769463,3437.0779,3312.2807000000003,3.767712078266788,3.10427603455981,1100,kotak-mahindra-bank,Large Cap,Jan-2025
171656,5311.0,1,Mahindra & Mahindra Ltd.,Automobile & Ancillaries,Automobile & Ancillaries,Domestic Equities,10841026.0,11127884.0,-2.577830610024332,3243.2555,3346.0991,-3.073537182446266,2.92922087177725,1100,mahindra-mahindra,Large Cap,Jan-2025
171717,5016.0,1,Hindustan Unilever Ltd.,FMCG,Fast Moving Consumer Goods,Domestic Equities,10962846.0,11253157.0,-2.5798182678869583,2709.2481,2618.3283,3.472436974385531,2.44691979442966,1100,hindustan-unilever,Large Cap,Jan-2025
171484,6114.0,1,Bajaj Finance Ltd.,Finance,Finance,Domestic Equities,3420384.0,3510740.0,-2.573702410318053,2697.1609000000003,2394.8162,12.624964705015786,2.43600296147544,1100,bajaj-finance,Large Cap,Jan-2025
420,5071.0,1,Sun Pharmaceutical Industries Ltd.,Healthcare,Healthcare,Domestic Equities,13256883.0,13607902.0,-2.5795232799295587,2310.8073,2564.4091,-9.8892879455154,2.0870588129166,1100,sun-pharmaceutical-industries,Large Cap,Jan-2025
171528,8219.0,1,HCL Technologies Ltd.,IT,Information Technology,Domestic Equities,12994865.0,13338876.0,-2.579010405374486,2241.8741,2558.8633,-12.387891139006912,2.02480020634108,1100,hcl-technologies,Large Cap,Jan-2025
133625,7239.0,1,Maruti Suzuki India Ltd.,Automobile & Ancillaries,Automobile & Ancillaries,Domestic Equities,1621385.0,1664311.0,-2.5792054489815905,1995.6655,1808.5901,10.3437146979849,1.80243124098172,1100,maruti-suzuki-india,Large Cap,Jan-2025
133664,7760.0,1,NTPC Ltd.,Power,Power,Domestic Equities,58340277.0,59884826.0,-2.5791992782946385,1891.6835,1996.5601,-5.252864664579845,1.7085175037849,1100,ntpc,Large Cap,Jan-2025
152378,5539.0,1,Tata Motors Ltd.,Automobile & Ancillaries,Automobile & Ancillaries,Domestic Equities,25762761.0,26444661.0,-2.5785923290905486,1844.6137,1958.756,-5.827285276981926,1.66600533026345,1100,tata-motors,Large Cap,Jan-2025
156921,98676.0,1,Eternal Ltd.,Retailing,Information Technology,Domestic Equities,83346300.0,85552520.0,-2.578790198114562,1836.5357,2378.3601,-22.781428262271973,1.65870949858993,1100,eternal,Large Cap,Jan-2025
171461,6050.0,1,Titan Company Ltd.,Diamond  &  Jewellery,Diamond & Jewellery,Domestic Equities,5123305.0,5259018.0,-2.580576830123038,1787.8797,1711.1004,4.487130036320483,1.61476471202064,1100,titan-company,Large Cap,Jan-2025
517,7825.0,1,Power Grid Corporation Of India Ltd.,Power,Power,Domestic Equities,55957565.0,57438848.0,-2.578887027817828,1689.0791,1772.5628,-4.709773893483489,1.52553067552116,1100,power-grid-corporation-of-india,Large Cap,Jan-2025
133654,6850.0,1,Ultratech Cement Ltd.,Construction Materials,Construction Materials,Domestic Equities,1382572.0,1419080.0,-2.5726527045691574,1590.414,1620.937,-1.883046657581397,1.4364190189662,1100,ultratech-cement,Large Cap,Jan-2025
152362,5226.0,1,Tata Steel Ltd.,Iron & Steel,Iron & Steel,Domestic Equities,101165242.0,103842876.0,-2.578543760671652,1362.19,1434.0701,-5.012314251583663,1.23029325914232,1100,tata-steel,Large Cap,Jan-2025
171369,7531.0,1,Tech Mahindra Ltd.,IT,Information Technology,Domestic Equities,7809054.0,8015766.0,-2.578817794830837,1307.587,1367.129,-4.355258355283223,1.18097730260986,1100,tech-mahindra,Large Cap,Jan-2025
171658,4978.0,1,Asian Paints Ltd.,Chemicals,Chemicals,Domestic Equities,5535515.0,5682043.0,-2.578790762407113,1273.7497,1296.6706,-1.7676733011452537,1.15041636610499,1100,asian-paints,Large Cap,Jan-2025
171708,8443.0,1,Bajaj Finserv Ltd.,Finance,Finance,Domestic Equities,6665837.0,6842114.0,-2.5763528640417275,1157.9559,1072.8435,7.9333472216590675,1.04583452980427,1100,bajaj-finserv,Large Cap,Jan-2025
152400,5891.0,1,Nestle India Ltd.,FMCG,Fast Moving Consumer Goods,Domestic Equities,4380435.0,4496224.0,-2.575249809618026,1013.2165,975.793,3.835188405737684,0.915109808471485,1100,nestle-india,Large Cap,Jan-2025
539,7794.0,1,Adani Ports and Special Economic Zone Ltd.,Logistics,Logistics,Domestic Equities,9017946.0,9256761.0,-2.5798980874627744,991.6133,1137.5634,-12.830062922207231,0.895598381037791,1100,adani-ports-and-special-economic-zone,Large Cap,Jan-2025
114442,5285.0,1,IndusInd Bank Ltd.,Bank,Banking,Domestic Equities,8130524.0,8345750.0,-2.5788694844681426,806.6699000000001,801.4005999999999,0.6575113619830177,0.728562491519544,1100,indusind-bank,Mid Cap,Jan-2025
225180,112809.0,1,ITC Hotels Ltd.,Hospitality,Hospitality,Domestic Equities,11366587.0,,,187.1509,,,0.169029643964805,1100,itc-hotels,,Jan-2025
171875,5051.0,1,HDFC Bank Ltd.,Bank,Banking,Domestic Equities,91268879.0,92906883.0,-1.7630599016006163,15799.5556,15787.2021,0.0782500909391723,15.4096965490554,1100,hdfc-bank,Large Cap,Feb-2025
171888,8748.0,1,ICICI Bank Ltd.,Bank,Banking,Domestic Equities,85101406.0,86628212.0,-1.7624812572606254,10238.5502,10850.6167,-5.640845280250284,9.98591072297441,1100,icici-bank,Large Cap,Feb-2025
171531,4897.0,1,Reliance Industries Ltd.,Crude Oil,Crude Oil,Domestic Equities,81615723.0,83079958.0,-1.7624407080225053,9790.6221,10508.7839,-6.833919194018248,9.5490353910635,1100,reliance-industries,Large Cap,Feb-2025
171889,4926.0,1,Infosys Ltd.,IT,Information Technology,Domestic Equities,43573652.0,44355349.0,-1.7623511428125611,7355.4503,8339.027399999999,-11.794865909662311,7.17395222841954,1100,infosys,Large Cap,Feb-2025
133593,6508.0,1,Bharti Airtel Ltd.,Telecom,Telecom,Domestic Equities,32282727.0,32861937.0,-1.7625558712500728,5067.0968,5345.815600000001,-5.2137750505273806,4.94206457760683,1100,bharti-airtel,Large Cap,Feb-2025
152372,4964.0,1,Larsen & Toubro Ltd.,Infrastructure,Infrastructure,Domestic Equities,14097783.0,14350693.0,-1.7623539155913934,4461.5959,5119.1792,-12.84548311963761,4.35150460456683,1100,larsen-toubro,Large Cap,Feb-2025
152408,5535.0,1,ITC Ltd.,FMCG,Fast Moving Consumer Goods,Domestic Equities,111662649.0,113665986.0,-1.7624771231034762,4407.324799999999,5087.1212,-13.363086375846525,4.29857266119094,1100,itc,Large Cap,Feb-2025
171915,6797.0,1,Tata Consultancy Services Ltd.,IT,Information Technology,Domestic Equities,12219993.0,12439178.0,-1.7620537305600097,4257.3234,5111.2582,-16.706939203345268,4.15227259336287,1100,tata-consultancy-services,Large Cap,Feb-2025
171400,5889.0,1,Axis Bank Ltd.,Bank,Banking,Domestic Equities,34338655.0,34954633.0,-1.7622213341504689,3488.2923,3447.925,1.1707708259315333,3.40221757993032,1100,axis-bank,Large Cap,Feb-2025
171492,5886.0,1,Kotak Mahindra Bank Ltd.,Bank,Banking,Domestic Equities,17745810.0,18064688.0,-1.765200705376146,3373.0348,3437.0779,-1.8633007997869344,3.28980409533821,1100,kotak-mahindra-bank,Large Cap,Feb-2025
133350,8843.0,1,State Bank Of India,Bank,Banking,Domestic Equities,46289861.0,47120781.0,-1.763383336112362,3185.8997,3642.9076,-12.545141139456856,3.10728661334795,1100,state-bank-of-india,Large Cap,Feb-2025
171484,6114.0,1,Bajaj Finance Ltd.,Finance,Finance,Domestic Equities,3359621.0,3420384.0,-1.7764964401657826,2869.8722,2697.1609000000003,6.4034481591365005,2.79905719225229,1100,bajaj-finance,Large Cap,Feb-2025
171656,5311.0,1,Mahindra & Mahindra Ltd.,Automobile & Ancillaries,Automobile & Ancillaries,Domestic Equities,10650035.0,10841026.0,-1.761742846110691,2751.969,3243.2555,-15.14794317006476,2.68406329114772,1100,mahindra-mahindra,Large Cap,Feb-2025
171717,5016.0,1,Hindustan Unilever Ltd.,FMCG,Fast Moving Consumer Goods,Domestic Equities,10769534.0,10962846.0,-1.7633377318262065,2360.4665,2709.2481,-12.873741611187253,2.30222123964112,1100,hindustan-unilever,Large Cap,Feb-2025
420,5071.0,1,Sun Pharmaceutical Industries Ltd.,Healthcare,Healthcare,Domestic Equities,13023157.0,13256883.0,-1.7630539546890471,2075.761,2310.8073,-10.171609722714656,2.02454093825043,1100,sun-pharmaceutical-industries,Large Cap,Feb-2025
171528,8219.0,1,HCL Technologies Ltd.,IT,Information Technology,Domestic Equities,12765808.0,12994865.0,-1.762673178982621,2010.5509,2241.8741,-10.318295750863086,1.96093991817278,1100,hcl-technologies,Large Cap,Feb-2025
133625,7239.0,1,Maruti Suzuki India Ltd.,Automobile & Ancillaries,Automobile & Ancillaries,Domestic Equities,1592803.0,1621385.0,-1.7628138905935355,1902.6032,1995.6655,-4.663221366506552,1.85565586194473,1100,maruti-suzuki-india,Large Cap,Feb-2025
156921,98676.0,1,Eternal Ltd.,Retailing,Information Technology,Domestic Equities,81877350.0,83346300.0,-1.762465760327693,1815.6302,1836.5357,-1.1383116592833002,1.77082894833452,1100,eternal,Large Cap,Feb-2025
133664,7760.0,1,NTPC Ltd.,Power,Power,Domestic Equities,57312396.0,58340277.0,-1.7618719911117322,1782.129,1891.6835,-5.79137577718472,1.73815440108148,1100,ntpc,Large Cap,Feb-2025
152378,5539.0,1,Tata Motors Ltd.,Automobile & Ancillaries,Automobile & Ancillaries,Domestic Equities,25308728.0,25762761.0,-1.7623615729696052,1570.5331,1844.6137,-14.858428081717054,1.53177969709776,1100,tata-motors,Large Cap,Feb-2025
171461,6050.0,1,Titan Company Ltd.,Diamond  &  Jewellery,Diamond & Jewellery,Domestic Equities,5032935.0,5123305.0,-1.763900450978421,1547.4765,1787.8797,-13.446273818087429,1.50929202602346,1100,titan-company,Large Cap,Feb-2025
517,7825.0,1,Power Grid Corporation Of India Ltd.,Power,Power,Domestic Equities,54971297.0,55957565.0,-1.762528444545434,1377.8556,1689.0791,-18.42563205003248,1.34385657558727,1100,power-grid-corporation-of-india,Large Cap,Feb-2025
133654,6850.0,1,Ultratech Cement Ltd.,Construction Materials,Construction Materials,Domestic Equities,1358270.0,1382572.0,-1.7577384758262138,1373.7542999999998,1590.414,-13.62284914493962,1.33985647646697,1100,ultratech-cement,Large Cap,Feb-2025
152362,5226.0,1,Tata Steel Ltd.,Iron & Steel,Iron & Steel,Domestic Equities,99381819.0,101165242.0,-1.762881168217835,1363.5186,1362.19,0.0975341178543272,1.32987334561441,1100,tata-steel,Large Cap,Feb-2025
171708,8443.0,1,Bajaj Finserv Ltd.,Finance,Finance,Domestic Equities,6548481.0,6665837.0,-1.7605591015801916,1226.5305,1157.9559,5.922038999930832,1.19626547047698,1100,bajaj-finserv,Large Cap,Feb-2025
171658,4978.0,1,Asian Paints Ltd.,Chemicals,Chemicals,Domestic Equities,5437952.0,5535515.0,-1.7624918368028992,1185.4463,1273.7497,-6.932555116597866,1.15619503615662,1100,asian-paints,Large Cap,Feb-2025
171369,7531.0,1,Tech Mahindra Ltd.,IT,Information Technology,Domestic Equities,7671412.0,7809054.0,-1.7625950595296178,1142.1965,1307.587,-12.648527402000786,1.11401243870386,1100,tech-mahindra,Large Cap,Feb-2025
539,7794.0,1,Adani Ports and Special Economic Zone Ltd.,Logistics,Logistics,Domestic Equities,8858921.0,9017946.0,-1.7634281686761042,948.0374,991.6133,-4.39444489096707,0.924644276143783,1100,adani-ports-and-special-economic-zone,Large Cap,Feb-2025
152400,5891.0,1,Nestle India Ltd.,FMCG,Fast Moving Consumer Goods,Domestic Equities,4303353.0,4380435.0,-1.759688250139541,942.3482,1013.2165,-6.994388662245421,0.91909545896016,1100,nestle-india,Large Cap,Feb-2025
114442,5285.0,1,IndusInd Bank Ltd.,Bank,Banking,Domestic Equities,7987211.0,8130524.0,-1.76265391996875,789.8952,806.6699000000001,-2.0794999292771443,0.77040428514049,1100,indusind-bank,Mid Cap,Feb-2025
171875,5051.0,1,HDFC Bank Ltd.,Bank,Banking,Domestic Equities,91547332.0,91268879.0,0.3050908513952494,16739.4297,15799.5556,5.94873757082129,15.4320085898039,1100,hdfc-bank,Large Cap,Mar-2025
171888,8748.0,1,ICICI Bank Ltd.,Bank,Banking,Domestic Equities,86026260.0,85101406.0,1.0867670035909864,11599.780900000002,10238.5502,13.295150909159,10.6937883605822,1100,icici-bank,Large Cap,Mar-2025
171531,4897.0,1,Reliance Industries Ltd.,Crude Oil,Crude Oil,Domestic Equities,81781255.0,81615723.0,0.2028187632424698,10427.11,9790.6221,6.500995478111656,9.61270807731463,1100,reliance-industries,Large Cap,Mar-2025
171889,4926.0,1,Infosys Ltd.,IT,Information Technology,Domestic Equities,43161286.0,43573652.0,-0.9463654779268904,6778.0484,7355.4503,-7.849987104120608,6.24865380753723,1100,infosys,Large Cap,Mar-2025
133593,6508.0,1,Bharti Airtel Ltd.,Telecom,Telecom,Domestic Equities,32392058.0,32282727.0,0.3386671764129467,5606.9033,5067.0968,10.653171259724102,5.16898015275873,1100,bharti-airtel,Large Cap,Mar-2025
152372,4964.0,1,Larsen & Toubro Ltd.,Infrastructure,Infrastructure,Domestic Equities,14128192.0,14097783.0,0.2157005821411778,4932.1518,4461.5959,10.546806805161347,4.54692963308164,1100,larsen-toubro,Large Cap,Mar-2025
152408,5535.0,1,ITC Ltd.,FMCG,Fast Moving Consumer Goods,Domestic Equities,111914124.0,111662649.0,0.2252095953768748,4586.2408000000005,4407.324799999999,4.059514742367078,4.22803576280196,1100,itc,Large Cap,Mar-2025
171915,6797.0,1,Tata Consultancy Services Ltd.,IT,Information Technology,Domestic Equities,12244663.0,12219993.0,0.2018822760373103,4413.5276,4257.3234,3.669070571429923,4.06881220299499,1100,tata-consultancy-services,Large Cap,Mar-2025
171492,5886.0,1,Kotak Mahindra Bank Ltd.,Bank,Banking,Domestic Equities,17782775.0,17745810.0,0.2083026922975057,3861.1739,3373.0348,14.471807406196946,3.55959969123242,1100,kotak-mahindra-bank,Large Cap,Mar-2025
171400,5889.0,1,Axis Bank Ltd.,Bank,Banking,Domestic Equities,34430278.0,34338655.0,0.2668217494249556,3793.8723,3488.2923,8.76016037990853,3.49755463426685,1100,axis-bank,Large Cap,Mar-2025
133350,8843.0,1,State Bank Of India,Bank,Banking,Domestic Equities,46383978.0,46289861.0,0.2033209821044828,3578.9877,3185.8997,12.338367086697692,3.29945344130826,1100,state-bank-of-india,Large Cap,Mar-2025
171656,5311.0,1,Mahindra & Mahindra Ltd.,Automobile & Ancillaries,Automobile & Ancillaries,Domestic Equities,10671462.0,10650035.0,0.2011918270691129,2845.3853000000004,2751.969,3.3945258831040626,2.62314852882365,1100,mahindra-mahindra,Large Cap,Mar-2025
171484,6114.0,1,Bajaj Finance Ltd.,Finance,Finance,Domestic Equities,3146784.0,3359621.0,-6.335149113545843,2815.9783,2869.8722,-1.877919859985388,2.59603834139591,1100,bajaj-finance,Large Cap,Mar-2025
171717,5016.0,1,Hindustan Unilever Ltd.,FMCG,Fast Moving Consumer Goods,Domestic Equities,10791599.0,10769534.0,0.2048835167798346,2438.1999,2360.4665,3.293137182840764,2.24776605145987,1100,hindustan-unilever,Large Cap,Mar-2025
420,5071.0,1,Sun Pharmaceutical Industries Ltd.,Healthcare,Healthcare,Domestic Equities,13049763.0,13023157.0,0.2042976215367748,2264.7211,2075.761,9.103172282358123,2.08783668828994,1100,sun-pharmaceutical-industries,Large Cap,Mar-2025
133664,7760.0,1,NTPC Ltd.,Power,Power,Domestic Equities,57428620.0,57312396.0,0.2027903352705756,2053.9346,1782.129,15.251735424315523,1.89351351618003,1100,ntpc,Large Cap,Mar-2025
171528,8219.0,1,HCL Technologies Ltd.,IT,Information Technology,Domestic Equities,12791770.0,12765808.0,0.2033713808009645,2035.1066,2010.5509,1.221341872021249,1.87615606357047,1100,hcl-technologies,Large Cap,Mar-2025
133625,7239.0,1,Maruti Suzuki India Ltd.,Automobile & Ancillaries,Automobile & Ancillaries,Domestic Equities,1596047.0,1592803.0,0.2036661156464421,1838.8776,1902.6032,-3.349389930596142,1.69525338839937,1100,maruti-suzuki-india,Large Cap,Mar-2025
152378,5539.0,1,Tata Motors Ltd.,Automobile & Ancillaries,Automobile & Ancillaries,Domestic Equities,25361369.0,25308728.0,0.2079954393598919,1709.4831,1570.5331,8.847314329128116,1.57596515270318,1100,tata-motors,Large Cap,Mar-2025
156921,98676.0,1,Eternal Ltd.,Retailing,Information Technology,Domestic Equities,83981860.0,81877350.0,2.570320119056125,1692.2345,1815.6302,-6.796301361367519,1.56006374219323,1100,eternal,Large Cap,Mar-2025
517,7825.0,1,Power Grid Corporation Of India Ltd.,Power,Power,Domestic Equities,55082920.0,54971297.0,0.203056878938112,1599.8834,1377.8556,16.114010786035923,1.47492565839831,1100,power-grid-corporation-of-india,Large Cap,Mar-2025
133654,6850.0,1,Ultratech Cement Ltd.,Construction Materials,Construction Materials,Domestic Equities,1389056.0,1358270.0,2.2665596678127327,1598.0395,1373.7542999999998,16.32644207191928,1.47322577488085,1100,ultratech-cement,Large Cap,Mar-2025
152362,5226.0,1,Tata Steel Ltd.,Iron & Steel,Iron & Steel,Domestic Equities,99583661.0,99381819.0,0.2030975102196509,1536.078,1363.5186,12.655448924569129,1.41610373324778,1100,tata-steel,Large Cap,Mar-2025
171461,6050.0,1,Titan Company Ltd.,Diamond  &  Jewellery,Diamond & Jewellery,Domestic Equities,4936003.0,5032935.0,-1.925953742696856,1512.2926,1547.4765,-2.2736306496415195,1.39417607479763,1100,titan-company,Large Cap,Mar-2025
171708,8443.0,1,Bajaj Finserv Ltd.,Finance,Finance,Domestic Equities,6561485.0,6548481.0,0.1985804036081039,1316.2010999999998,1226.5305,7.310914812146932,1.21340016028798,1100,bajaj-finserv,Large Cap,Mar-2025
171658,4978.0,1,Asian Paints Ltd.,Chemicals,Chemicals,Domestic Equities,5448986.0,5437952.0,0.2029072709726014,1273.8095,1185.4463,7.4540027667216915,1.17431952569889,1100,asian-paints,Large Cap,Mar-2025
171369,7531.0,1,Tech Mahindra Ltd.,IT,Information Technology,Domestic Equities,7690117.0,7671412.0,0.2438273423458419,1090.4586,1142.1965,-4.529684690856603,1.005289115795,1100,tech-mahindra,Large Cap,Mar-2025
539,7794.0,1,Adani Ports and Special Economic Zone Ltd.,Logistics,Logistics,Domestic Equities,8877085.0,8858921.0,0.2050362566727934,1049.3158,948.0374,10.682954069111616,0.967359744580604,1100,adani-ports-and-special-economic-zone,Large Cap,Mar-2025
152400,5891.0,1,Nestle India Ltd.,FMCG,Fast Moving Consumer Goods,Domestic Equities,4311803.0,4303353.0,0.1963585139308813,970.6084,942.3482,2.9989127161276365,0.894799729415862,1100,nestle-india,Large Cap,Mar-2025
114442,5285.0,1,IndusInd Bank Ltd.,Bank,Banking,Domestic Equities,7909639.0,7987211.0,-0.971202588738422,513.7706,789.8952,-34.95711836203082,0.473642917021762,1100,indusind-bank,Mid Cap,Mar-2025
171875,5051.0,1,HDFC Bank Ltd.,Bank,Banking,Domestic Equities,92432985.0,91547332.0,0.967426336356804,17781.7955,16739.4297,6.227009036036638,15.661254982043,1100,hdfc-bank,Large Cap,Apr-2025
171888,8748.0,1,ICICI Bank Ltd.,Bank,Banking,Domestic Equities,86858545.0,86026260.0,0.9674778375812224,12356.0623,11599.780900000002,6.519790386730485,10.8825592024331,1100,icici-bank,Large Cap,Apr-2025
171531,4897.0,1,Reliance Industries Ltd.,Crude Oil,Crude Oil,Domestic Equities,82572523.0,81781255.0,0.9675420119194796,11629.101299999998,10427.11,11.527559410037862,10.2422908120447,1100,reliance-industries,Large Cap,Apr-2025
171889,4926.0,1,Infosys Ltd.,IT,Information Technology,Domestic Equities,43578869.0,43161286.0,0.9674943420360552,6532.036700000001,6778.0484,-3.6295359000387086,5.75306876691743,1100,infosys,Large Cap,Apr-2025
133593,6508.0,1,Bharti Airtel Ltd.,Telecom,Telecom,Domestic Equities,32705393.0,32392058.0,0.9673204462649456,6095.3041,5606.9033,8.710704891236501,5.36841803760437,1100,bharti-airtel,Large Cap,Apr-2025
152408,5535.0,1,ITC Ltd.,FMCG,Fast Moving Consumer Goods,Domestic Equities,112996881.0,111914124.0,0.967489143729526,4805.7573,4586.2408000000005,4.78641461651991,4.23265414660261,1100,itc,Large Cap,Apr-2025
152372,4964.0,1,Larsen & Toubro Ltd.,Infrastructure,Infrastructure,Domestic Equities,14264848.0,14128192.0,0.9672575231140688,4765.2438,4932.1518,-3.384080757611716,4.19697202137994,1100,larsen-toubro,Large Cap,Apr-2025
171915,6797.0,1,Tata Consultancy Services Ltd.,IT,Information Technology,Domestic Equities,12363073.0,12244663.0,0.9670335557622124,4240.1013,4413.5276,-3.929425976626951,3.73445457794136,1100,tata-consultancy-services,Large Cap,Apr-2025
171400,5889.0,1,Axis Bank Ltd.,Bank,Banking,Domestic Equities,34763454.0,34430278.0,0.9676831537636728,4115.6453,3793.8723,8.48138720958005,3.62484038571622,1100,axis-bank,Large Cap,Apr-2025
171492,5886.0,1,Kotak Mahindra Bank Ltd.,Bank,Banking,Domestic Equities,17954896.0,17782775.0,0.967908551955474,3960.491,3861.1739,2.572199610071942,3.48818877177429,1100,kotak-mahindra-bank,Large Cap,Apr-2025
133350,8843.0,1,State Bank Of India,Bank,Banking,Domestic Equities,46832719.0,46383978.0,0.9674482856989972,3691.1207,3578.9877,3.133092633986976,3.25094181024617,1100,state-bank-of-india,Large Cap,Apr-2025
171656,5311.0,1,Mahindra & Mahindra Ltd.,Automobile & Ancillaries,Automobile & Ancillaries,Domestic Equities,10774636.0,10671462.0,0.9668216032629832,3151.7965000000004,2845.3853000000004,10.768706789902932,2.77593388350523,1100,mahindra-mahindra,Large Cap,Apr-2025
171484,6114.0,1,Bajaj Finance Ltd.,Finance,Finance,Domestic Equities,3177260.0,3146784.0,0.9684808363077988,2743.7864,2815.9783,-2.563652567919292,2.41658039688185,1100,bajaj-finance,Large Cap,Apr-2025
171717,5016.0,1,Hindustan Unilever Ltd.,FMCG,Fast Moving Consumer Goods,Domestic Equities,10896053.0,10791599.0,0.9679195826308964,2551.0384,2438.1999,4.62794293445751,2.24681826148451,1100,hindustan-unilever,Large Cap,Apr-2025
420,5071.0,1,Sun Pharmaceutical Industries Ltd.,Healthcare,Healthcare,Domestic Equities,13176053.0,13049763.0,0.9677570389592516,2411.4812,2264.7211,6.4802725598308815,2.12390373950724,1100,sun-pharmaceutical-industries,Large Cap,Apr-2025
133664,7760.0,1,NTPC Ltd.,Power,Power,Domestic Equities,57984315.0,57428620.0,0.9676272910614953,2055.544,2053.9346,0.0783569252886641,1.81041327973931,1100,ntpc,Large Cap,Apr-2025
171528,8219.0,1,HCL Technologies Ltd.,IT,Information Technology,Domestic Equities,12915528.0,12791770.0,0.9674814353291218,2020.0532,2035.1066,-0.7396860685332142,1.77915488019711,1100,hcl-technologies,Large Cap,Apr-2025
133625,7239.0,1,Maruti Suzuki India Ltd.,Automobile & Ancillaries,Automobile & Ancillaries,Domestic Equities,1611491.0,1596047.0,0.9676406772482264,1975.7766,1838.8776,7.444704313109255,1.74015841764427,1100,maruti-suzuki-india,Large Cap,Apr-2025
156921,98676.0,1,Eternal Ltd.,Retailing,Information Technology,Domestic Equities,84794414.0,83981860.0,0.9675351319915992,1971.4701,1692.2345,16.500999122757513,1.73636548264059,1100,eternal,Large Cap,Apr-2025
517,7825.0,1,Power Grid Corporation Of India Ltd.,Power,Power,Domestic Equities,55615809.0,55082920.0,0.9674305574214294,1705.4588,1599.8834,6.598943398000134,1.50207694876308,1100,power-grid-corporation-of-india,Large Cap,Apr-2025
171461,6050.0,1,Titan Company Ltd.,Diamond  &  Jewellery,Diamond & Jewellery,Domestic Equities,4983675.0,4936003.0,0.9658016820492208,1682.5634,1512.2926,11.259117448567814,1.4819119042761,1100,titan-company,Large Cap,Apr-2025
152378,5539.0,1,Tata Motors Ltd.,Automobile & Ancillaries,Automobile & Ancillaries,Domestic Equities,25606686.0,25361369.0,0.9672861114082604,1649.4547,1709.4831,-3.5114942054706457,1.45275153108297,1100,tata-motors,Large Cap,Apr-2025
133654,6850.0,1,Ultratech Cement Ltd.,Construction Materials,Construction Materials,Domestic Equities,1402428.0,1389056.0,0.9626681717655732,1632.321,1598.0395,2.145222317721179,1.43766108397453,1100,ultratech-cement,Large Cap,Apr-2025
152362,5226.0,1,Tata Steel Ltd.,Iron & Steel,Iron & Steel,Domestic Equities,100547051.0,99583661.0,0.9674177373334366,1405.145,1536.078,-8.523851002357945,1.2375766064649,1100,tata-steel,Large Cap,Apr-2025
171658,4978.0,1,Asian Paints Ltd.,Chemicals,Chemicals,Domestic Equities,5501697.0,5448986.0,0.9673542930739774,1333.2262,1273.8095,4.6644886853175445,1.17423437171687,1100,asian-paints,Large Cap,Apr-2025
171708,8443.0,1,Bajaj Finserv Ltd.,Finance,Finance,Domestic Equities,6625056.0,6561485.0,0.9688508013048874,1293.4759,1316.2010999999998,-1.726575065162907,1.13922443225869,1100,bajaj-finserv,Large Cap,Apr-2025
171369,7531.0,1,Tech Mahindra Ltd.,IT,Information Technology,Domestic Equities,7764508.0,7690117.0,0.9673584940255134,1166.695,1090.4586,6.99122369249048,1.02756259238695,1100,tech-mahindra,Large Cap,Apr-2025
539,7794.0,1,Adani Ports and Special Economic Zone Ltd.,Logistics,Logistics,Domestic Equities,8963019.0,8877085.0,0.968043000602112,1090.7994,1049.3158,3.953395155204944,0.960717804771714,1100,adani-ports-and-special-economic-zone,Large Cap,Apr-2025
152400,5891.0,1,Nestle India Ltd.,FMCG,Fast Moving Consumer Goods,Domestic Equities,4353427.0,4311803.0,0.9653502258799858,1038.4882,970.6084,6.993531067730313,0.914644896014179,1100,nestle-india,Large Cap,Apr-2025
114442,5285.0,1,IndusInd Bank Ltd.,Bank,Banking,Domestic Equities,7986211.0,7909639.0,0.9680846369853288,669.6039,513.7706,30.33129961114941,0.589751322630521,1100,indusind-bank,Mid Cap,Apr-2025
171875,5051.0,1,HDFC Bank Ltd.,Bank,Banking,Domestic Equities,93231088.0,92432985.0,0.8634396043793241,18129.7174,17781.7955,1.9566184978339192,15.5729913893432,1100,hdfc-bank,Large Cap,May-2025
171888,8748.0,1,ICICI Bank Ltd.,Bank,Banking,Domestic Equities,87608435.0,86858545.0,0.8633462602902224,12667.7417,12356.0623,2.5224816161698977,10.8812855746182,1100,icici-bank,Large Cap,May-2025
171531,4897.0,1,Reliance Industries Ltd.,Crude Oil,Crude Oil,Domestic Equities,83285367.0,82572523.0,0.8632944399676391,11833.1849,11629.101299999998,1.7549387070865143,10.1644213470314,1100,reliance-industries,Large Cap,May-2025
171889,4926.0,1,Infosys Ltd.,IT,Information Technology,Domestic Equities,43955180.0,43578869.0,0.8635171325809303,6869.315500000001,6532.036700000001,5.163455373727463,5.90057686901298,1100,infosys,Large Cap,May-2025
133593,6508.0,1,Bharti Airtel Ltd.,Telecom,Telecom,Domestic Equities,32987804.0,32705393.0,0.8634997903862521,6125.1754,6095.3041,0.4900707086952404,5.2613784130147,1100,bharti-airtel,Large Cap,May-2025
152372,4964.0,1,Larsen & Toubro Ltd.,Infrastructure,Infrastructure,Domestic Equities,14388032.0,14264848.0,0.8635493347002365,5288.680899999999,4765.2438,10.984476806831996,4.54284974771223,1100,larsen-toubro,Large Cap,May-2025
152408,5535.0,1,ITC Ltd.,FMCG,Fast Moving Consumer Goods,Domestic Equities,113972440.0,112996881.0,0.8633503786710715,4762.9083,4805.7573,-0.8916180598633154,4.09122372443221,1100,itc,Large Cap,May-2025
171915,6797.0,1,Tata Consultancy Services Ltd.,IT,Information Technology,Domestic Equities,12469857.0,12363073.0,0.8637334746789895,4320.182,4240.1013,1.8886506320025909,3.71093247633279,1100,tata-consultancy-services,Large Cap,May-2025
171400,5889.0,1,Axis Bank Ltd.,Bank,Banking,Domestic Equities,35063530.0,34763454.0,0.8631938587000015,4179.7481,4115.6453,1.5575394701773666,3.59030313240976,1100,axis-bank,Large Cap,May-2025
133350,8843.0,1,State Bank Of India,Bank,Banking,Domestic Equities,47237067.0,46832719.0,0.8633878378917098,3837.5393,3691.1207,3.966778978536244,3.29635400026513,1100,state-bank-of-india,Large Cap,May-2025
171492,5886.0,1,Kotak Mahindra Bank Ltd.,Bank,Banking,Domestic Equities,18109847.0,17954896.0,0.86300137856549,3759.0609,3960.491,-5.085988075720902,3.22894294136746,1100,kotak-mahindra-bank,Large Cap,May-2025
171656,5311.0,1,Mahindra & Mahindra Ltd.,Automobile & Ancillaries,Automobile & Ancillaries,Domestic Equities,10867718.0,10774636.0,0.8638992537659741,3236.8955,3151.7965000000004,2.700015689464712,2.7804154161666,1100,mahindra-mahindra,Large Cap,May-2025
171484,6114.0,1,Bajaj Finance Ltd.,Finance,Finance,Domestic Equities,3204665.0,3177260.0,0.8625356439196036,2940.2,2743.7864,7.158487264168954,2.52556111453491,1100,bajaj-finance,Large Cap,May-2025
171717,5016.0,1,Hindustan Unilever Ltd.,FMCG,Fast Moving Consumer Goods,Domestic Equities,10990082.0,10896053.0,0.8629638640707787,2581.9549,2551.0384,1.211918252582946,2.2178371862196,1100,hindustan-unilever,Large Cap,May-2025
420,5071.0,1,Sun Pharmaceutical Industries Ltd.,Healthcare,Healthcare,Domestic Equities,13289773.0,13176053.0,0.8630809241583955,2230.4226,2411.4812,-7.508190401816106,1.9158793917216,1100,sun-pharmaceutical-industries,Large Cap,May-2025
171528,8219.0,1,HCL Technologies Ltd.,IT,Information Technology,Domestic Equities,13027037.0,12915528.0,0.8633715942546057,2133.2424,2020.0532,5.603278171089744,1.83240393623466,1100,hcl-technologies,Large Cap,May-2025
156921,98676.0,1,Eternal Ltd.,Retailing,Information Technology,Domestic Equities,85526449.0,84794414.0,0.8633056889808803,2041.944,1971.4701,3.574687741903864,1.75398080554312,1100,eternal,Large Cap,May-2025
133625,7239.0,1,Maruti Suzuki India Ltd.,Automobile & Ancillaries,Automobile & Ancillaries,Domestic Equities,1625402.0,1611491.0,0.8632378337825033,2002.097,1975.7766,1.3321546575660468,1.71975319050643,1100,maruti-suzuki-india,Large Cap,May-2025
133664,7760.0,1,NTPC Ltd.,Power,Power,Domestic Equities,58484841.0,57984315.0,0.8632093006531163,1954.8558,2055.544,-4.898372401661073,1.679174135434,1100,ntpc,Large Cap,May-2025
152378,5539.0,1,Tata Motors Ltd.,Automobile & Ancillaries,Automobile & Ancillaries,Domestic Equities,25827809.0,25606686.0,0.8635361873848104,1858.1817,1649.4547,12.6543032676193,1.59613340767988,1100,tata-motors,Large Cap,May-2025
171461,6050.0,1,Titan Company Ltd.,Diamond  &  Jewellery,Diamond & Jewellery,Domestic Equities,5026774.0,4983675.0,0.8648035837007831,1786.616,1682.5634,6.184171128410383,1.53466019189372,1100,titan-company,Large Cap,May-2025
152362,5226.0,1,Tata Steel Ltd.,Iron & Steel,Iron & Steel,Domestic Equities,101415219.0,100547051.0,0.8634445181291294,1632.785,1405.145,16.20046329738212,1.4025230611509,1100,tata-steel,Large Cap,May-2025
517,7825.0,1,Power Grid Corporation Of India Ltd.,Power,Power,Domestic Equities,56096012.0,55615809.0,0.8634289577627109,1626.2234,1705.4588,-4.645987343698955,1.39688680449859,1100,power-grid-corporation-of-india,Large Cap,May-2025
133654,6850.0,1,Ultratech Cement Ltd.,Construction Materials,Construction Materials,Domestic Equities,1414593.0,1402428.0,0.8674242100129204,1583.9551,1632.321,-2.963014015012976,1.36057935097247,1100,ultratech-cement,Large Cap,May-2025
171708,8443.0,1,Bajaj Finserv Ltd.,Finance,Finance,Domestic Equities,6682173.0,6625056.0,0.8621361087362883,1346.9924,1293.4759,4.137417635689999,1.15703408850216,1100,bajaj-finserv,Large Cap,May-2025
539,7794.0,1,Adani Ports and Special Economic Zone Ltd.,Logistics,Logistics,Domestic Equities,9040364.0,8963019.0,0.8629346875199081,1294.8964999999998,1090.7994,18.710782202483784,1.11228496284177,1100,adani-ports-and-special-economic-zone,Large Cap,May-2025
171658,4978.0,1,Asian Paints Ltd.,Chemicals,Chemicals,Domestic Equities,5549207.0,5501697.0,0.8635517368550104,1254.1485,1333.2262,-5.931304080282843,1.07728341046605,1100,asian-paints,Large Cap,May-2025
171369,7531.0,1,Tech Mahindra Ltd.,IT,Information Technology,Domestic Equities,7831555.0,7764508.0,0.8635060972311447,1232.6868,1166.695,5.656302632650344,1.05884832612764,1100,tech-mahindra,Large Cap,May-2025
152400,5891.0,1,Nestle India Ltd.,FMCG,Fast Moving Consumer Goods,Domestic Equities,4391129.0,4353427.0,0.8660303710157538,1052.4438,1038.4882,1.3438380907939036,0.904023922356765,1100,nestle-india,Large Cap,May-2025
114442,5285.0,1,IndusInd Bank Ltd.,Bank,Banking,Domestic Equities,8055118.0,7986211.0,0.8628246861997511,658.1836999999999,669.6039,-1.7055157534178105,0.565363974879502,1100,indusind-bank,Mid Cap,May-2025
