CompanyID,SecurityID,MfSchemeAssetAllocationID,Name,SectorName,EquitySectorName,Type,NoOfShare,PrevNoOfShare,SharesZG,MarketValue,PrevMarketValue,MarketValueZG,HoldingPercentage,Priority,SecuritySlug,McapCategory,Month
352,7184,1,Ipca Laboratories Ltd.,Healthcare,Healthcare,Domestic Equities,1696381.0,1696381.0,0.0,271.6245,259.35970000000003,4.7288765371027175,9.39304511896363,1100,ipca-laboratories,Mid Cap,Mar-2026
420,5071,1,Sun Pharmaceutical Industries Ltd.,Healthcare,Healthcare,Domestic Equities,1535592.0,1535592.0,0.0,269.8342,266.7323,1.1629262747706173,9.33113476597088,1100,sun-pharmaceutical-industries,Large Cap,Mar-2026
133330,5128,1,Cipla Ltd.,Healthcare,Healthcare,Domestic Equities,1813462.0,1813462.0,0.0,222.00400000000002,244.4909,-9.197438432268843,7.67711892185868,1100,cipla,Large Cap,Mar-2026
139924,82380,1,Laurus Labs Ltd.,Healthcare,Healthcare,Domestic Equities,1832618.0,1832618.0,0.0,181.924,197.153,-7.724457654714856,6.29111269499747,1100,laurus-labs,Mid Cap,Mar-2026
861,112211,1,Sai Life Sciences Ltd.,Healthcare,Healthcare,Domestic Equities,1792251.0,1792251.0,0.0,174.20680000000002,178.91150000000002,-2.6296241437805903,6.02424425053805,1100,sai-life-sciences,Small Cap,Mar-2026
97743,96921,1,Gland Pharma Ltd.,Healthcare,Healthcare,Domestic Equities,920673.0,920673.0,0.0,156.1553,167.765,-6.9202157780228255,5.40000544304841,1100,gland-pharma,Small Cap,Mar-2026
38020,6672,1,Apollo Hospitals Enterprise Ltd.,Healthcare,Healthcare,Domestic Equities,194767.0,194767.0,0.0,144.4976,152.33700000000002,-5.1460905755003745,4.99687059297655,1100,apollo-hospitals-enterprise,Large Cap,Mar-2026
58780,8388,1,Alembic Pharmaceuticals Ltd.,Healthcare,Healthcare,Domestic Equities,1428180.0,1428180.0,0.0,94.72399999999999,101.5722,-6.742199145041653,3.27565004573855,1100,alembic-pharmaceuticals,Small Cap,Mar-2026
152391,5643,1,Pfizer Ltd.,Healthcare,Healthcare,Domestic Equities,200644.0,200644.0,0.0,94.714,101.57,-6.7500246135670015,3.27530423580171,1100,pfizer,Small Cap,Mar-2026
178941,94376,1,Cohance Lifesciences Ltd.,Healthcare,Healthcare,Domestic Equities,2972213.0,2972213.0,0.0,89.5974,92.12370000000001,-2.7422910716786344,3.09836712351733,1100,cohance-lifesciences,Small Cap,Mar-2026
152042,5623,1,Kovai Medical Center & Hospital Ltd.,Healthcare,Healthcare,Domestic Equities,165156.0,165156.0,0.0,82.95209999999999,87.3229,-5.005330789518004,2.86856604618797,1100,kovai-medical-center-hospital,Small Cap,Mar-2026
190355,99127,1,Vijaya Diagnostic Centre Ltd.,Healthcare,Healthcare,Domestic Equities,935530.0,935530.0,0.0,80.5866,93.97399999999999,-14.24585523655479,2.78676470562808,1100,vijaya-diagnostic-centre,Small Cap,Mar-2026
133360,5711,1,Procter & Gamble Health Ltd.,Healthcare,Healthcare,Domestic Equities,159288.0,159288.0,0.0,76.4391,78.0591,-2.075350599737891,2.64334003432302,1100,procter-gamble-health,Small Cap,Mar-2026
95406,100018,1,Emcure Pharmaceuticals Ltd.,Healthcare,Healthcare,Domestic Equities,388087.0,388087.0,0.0,61.9193,56.48609999999999,9.618649543870097,2.14123092222773,1100,emcure-pharmaceuticals,Small Cap,Mar-2026
152425,8271,1,Indoco Remedies Ltd.,Healthcare,Healthcare,Domestic Equities,3233474.0,3233474.0,0.0,53.028999999999996,65.4067,-18.924208070427042,1.83379551407742,1100,indoco-remedies,Small Cap,Mar-2026
57415,105415,1,Concord Biotech Ltd.,Healthcare,Healthcare,Domestic Equities,496688.0,496688.0,0.0,50.5827,60.625699999999995,-16.56558192317778,1.74920002922786,1100,concord-biotech,Small Cap,Mar-2026
171636,86629,1,ICICI Lombard General Insurance Company Ltd.,Insurance,Finance,Domestic Equities,241413.0,241413.0,0.0,41.296099999999996,45.904700000000005,-10.039494866538732,1.42806017328052,1100,icici-lombard-general-insurance-company,Mid Cap,Mar-2026
231749,113277,1,Nephrocare Health Services Ltd.,Healthcare,Healthcare,Domestic Equities,634983.0,634983.0,0.0,32.1841,37.7053,-14.643034268391986,1.11295815883043,1100,nephrocare-health-services,Small Cap,Mar-2026
311,7883,1,Aarti Drugs Ltd.,Healthcare,Healthcare,Domestic Equities,852155.0,852155.0,0.0,27.2477,31.274099999999997,-12.87455114615608,0.942252541607938,1100,aarti-drugs,Small Cap,Mar-2026
37854,6333,1,Unichem Laboratories Ltd.,Healthcare,Healthcare,Domestic Equities,852063.0,852063.0,0.0,25.003800000000002,29.4984,-15.236758603856481,0.864656249880047,1100,unichem-laboratories,Small Cap,Mar-2026
38931,15891,1,Alkem Laboratories Ltd.,Healthcare,Healthcare,Domestic Equities,37334.0,37334.0,0.0,19.7833,21.054499999999997,-6.037664157306034,0.68412617235188,1100,alkem-laboratories,Mid Cap,Mar-2026
228759,113039,1,CORONA Remedies Ltd.,Healthcare,Healthcare,Domestic Equities,116970.0,116970.0,0.0,18.200499999999998,18.5655,-1.9660122269801512,0.629391375548589,1100,corona-remedies,Small Cap,Mar-2026
59506,99993,1,Medplus Health Services Ltd.,Retailing,Retailing,Domestic Equities,192078.0,192078.0,0.0,16.1326,16.2805,-0.9084487577162842,0.55788133870911,1100,medplus-health-services,Small Cap,Mar-2026
102214,109824,1,Jupiter Life Line Hospitals Ltd.,Healthcare,Healthcare,Domestic Equities,94117.0,94117.0,0.0,12.0583,11.8757,1.5375935734314603,0.416987996141729,1100,jupiter-life-line-hospitals,Small Cap,Mar-2026
221905,112380,1,Laxmi Dental Ltd.,Healthcare,Healthcare,Domestic Equities,280401.0,280401.0,0.0,4.4373000000000005,5.3997,-17.823212400688927,0.153446243274732,1100,laxmi-dental,Small Cap,Mar-2026
133330,5128,1,Cipla Ltd.,Healthcare,Healthcare,Domestic Equities,1790481.0,1790481.0,0.0,270.5954,274.1764,-1.3060934493267786,8.68872765484396,1100,cipla,Large Cap,Dec-2025
420,5071,1,Sun Pharmaceutical Industries Ltd.,Healthcare,Healthcare,Domestic Equities,1535592.0,1535592.0,0.0,264.0758,281.259,-6.109386721847121,8.47938548266173,1100,sun-pharmaceutical-industries,Large Cap,Dec-2025
352,7184,1,Ipca Laboratories Ltd.,Healthcare,Healthcare,Domestic Equities,1696381.0,1696381.0,0.0,240.6995,246.5011,-2.353579760901675,7.72878031983217,1100,ipca-laboratories,Mid Cap,Dec-2025
139924,82380,1,Laurus Labs Ltd.,Healthcare,Healthcare,Domestic Equities,1832618.0,1914476.0,-4.275739157868784,203.0541,197.4495,2.838497945044171,6.51999913560782,1100,laurus-labs,Mid Cap,Dec-2025
861,112211,1,Sai Life Sciences Ltd.,Healthcare,Healthcare,Domestic Equities,1792251.0,1792251.0,0.0,162.8081,158.5067,2.713702322993283,5.22771355648544,1100,sai-life-sciences,Small Cap,Dec-2025
97743,96921,1,Gland Pharma Ltd.,Healthcare,Healthcare,Domestic Equities,920673.0,920673.0,0.0,158.5399,162.0016,-2.136830747350644,5.09066308416993,1100,gland-pharma,Small Cap,Dec-2025
178941,94376,1,Cohance Lifesciences Ltd.,Healthcare,Healthcare,Domestic Equities,2967600.0,2967600.0,0.0,156.8673,167.49130000000002,-6.343016025309979,5.03695645842725,1100,cohance-lifesciences,Small Cap,Dec-2025
38020,6672,1,Apollo Hospitals Enterprise Ltd.,Healthcare,Healthcare,Domestic Equities,194767.0,194767.0,0.0,137.16469999999998,142.8713,-3.994224172384516,4.40431257204807,1100,apollo-hospitals-enterprise,Large Cap,Dec-2025
58780,8388,1,Alembic Pharmaceuticals Ltd.,Healthcare,Healthcare,Domestic Equities,1428180.0,1428180.0,0.0,120.8455,129.5645,-6.729466790671839,3.88030852635871,1100,alembic-pharmaceuticals,Small Cap,Dec-2025
152391,5643,1,Pfizer Ltd.,Healthcare,Healthcare,Domestic Equities,200644.0,200644.0,0.0,100.0752,99.8204,0.2552584441657172,3.21338115061838,1100,pfizer,Small Cap,Dec-2025
190355,99127,1,Vijaya Diagnostic Centre Ltd.,Healthcare,Healthcare,Domestic Equities,935530.0,935530.0,0.0,99.2597,93.3706,6.307231612520428,3.18719571877983,1100,vijaya-diagnostic-centre,Small Cap,Dec-2025
152042,5623,1,Kovai Medical Center & Hospital Ltd.,Healthcare,Healthcare,Domestic Equities,165156.0,165156.0,0.0,94.9886,99.0705,-4.120197233283356,3.05005212843571,1100,kovai-medical-center-hospital,Small Cap,Dec-2025
133360,5711,1,Procter & Gamble Health Ltd.,Healthcare,Healthcare,Domestic Equities,159288.0,159288.0,0.0,90.8419,91.1526,-0.3408569804920508,2.91690298042232,1100,procter-gamble-health,Small Cap,Dec-2025
152425,8271,1,Indoco Remedies Ltd.,Healthcare,Healthcare,Domestic Equities,3233474.0,3233474.0,0.0,75.8573,82.8254,-8.412998910962111,2.43575249369278,1100,indoco-remedies,Small Cap,Dec-2025
57415,105415,1,Concord Biotech Ltd.,Healthcare,Healthcare,Domestic Equities,489774.0,489774.0,0.0,65.904,69.4304,-5.079043185693879,2.11615536466931,1100,concord-biotech,Small Cap,Dec-2025
95406,100018,1,Emcure Pharmaceuticals Ltd.,Healthcare,Healthcare,Domestic Equities,388087.0,388087.0,0.0,52.9545,54.8871,-3.52104592882481,1.70035125725875,1100,emcure-pharmaceuticals,Small Cap,Dec-2025
171636,86629,1,ICICI Lombard General Insurance Company Ltd.,Insurance,Finance,Domestic Equities,241413.0,241413.0,0.0,47.3676,47.5704,-0.4263155239392509,1.52095776965753,1100,icici-lombard-general-insurance-company,Mid Cap,Dec-2025
37854,6333,1,Unichem Laboratories Ltd.,Healthcare,Healthcare,Domestic Equities,852063.0,852063.0,0.0,37.6484,39.8041,-5.4157737519501685,1.20887751321947,1100,unichem-laboratories,Small Cap,Dec-2025
311,7883,1,Aarti Drugs Ltd.,Healthcare,Healthcare,Domestic Equities,852155.0,852155.0,0.0,35.079,36.2038,-3.1068561863671773,1.12637493987064,1100,aarti-drugs,Small Cap,Dec-2025
231749,113277,1,Nephrocare Health Services Ltd.,Healthcare,Healthcare,Domestic Equities,634983.0,,,29.7617,,,0.955638217963681,1100,nephrocare-health-services,Small Cap,Dec-2025
38931,15891,1,Alkem Laboratories Ltd.,Healthcare,Healthcare,Domestic Equities,37334.0,37334.0,0.0,20.558000000000003,21.2244,-3.139782514464478,0.660110493852749,1100,alkem-laboratories,Mid Cap,Dec-2025
228759,113039,1,CORONA Remedies Ltd.,Healthcare,Healthcare,Domestic Equities,116970.0,,,16.1992,,,0.520150885884787,1100,corona-remedies,Small Cap,Dec-2025
59506,99993,1,Medplus Health Services Ltd.,Retailing,Retailing,Domestic Equities,192078.0,192078.0,0.0,15.5065,15.5353,-0.1853842539249246,0.497908520912912,1100,medplus-health-services,Small Cap,Dec-2025
102214,109824,1,Jupiter Life Line Hospitals Ltd.,Healthcare,Healthcare,Domestic Equities,94117.0,94117.0,0.0,13.1143,13.9303,-5.857734578580498,0.421095780208829,1100,jupiter-life-line-hospitals,Small Cap,Dec-2025
221905,112380,1,Laxmi Dental Ltd.,Healthcare,Healthcare,Domestic Equities,280401.0,280401.0,0.0,7.639500000000001,7.7685,-1.6605522301602595,0.245301786058375,1100,laxmi-dental,Small Cap,Dec-2025
96373,16122,1,Thyrocare Technologies Ltd.,Healthcare,Healthcare,Domestic Equities,42573.0,78728.0,-45.92394065643736,1.8975,3.9025,-51.37732222934016,0.0609280894097476,1100,thyrocare-technologies,Small Cap,Dec-2025
133330,5128,1,Cipla Ltd.,Healthcare,Healthcare,Domestic Equities,1790481.0,1790481.0,0.0,268.80490000000003,269.163,-0.1330420600156696,8.55001403029182,1100,cipla,Large Cap,Oct-2025
420,5071,1,Sun Pharmaceutical Industries Ltd.,Healthcare,Healthcare,Domestic Equities,1535592.0,1535592.0,0.0,259.6225,244.8194,6.046538795536634,8.25794476804343,1100,sun-pharmaceutical-industries,Large Cap,Oct-2025
178941,94376,1,Cohance Lifesciences Ltd.,Healthcare,Healthcare,Domestic Equities,2967600.0,2764085.0,7.362834355672854,223.579,242.9907,-7.988659648291059,7.11149085034765,1100,cohance-lifesciences,Small Cap,Oct-2025
352,7184,1,Ipca Laboratories Ltd.,Healthcare,Healthcare,Domestic Equities,1696381.0,1696381.0,0.0,215.644,227.1454,-5.063452748767968,6.85909827368567,1100,ipca-laboratories,Mid Cap,Oct-2025
139924,82380,1,Laurus Labs Ltd.,Healthcare,Healthcare,Domestic Equities,2217884.0,2217884.0,0.0,211.5085,186.7015,13.286984839436194,6.72755832399624,1100,laurus-labs,Mid Cap,Oct-2025
97743,96921,1,Gland Pharma Ltd.,Healthcare,Healthcare,Domestic Equities,920673.0,920673.0,0.0,177.5886,183.3612,-3.148212380809018,5.64865083047177,1100,gland-pharma,Small Cap,Oct-2025
861,112211,1,Sai Life Sciences Ltd.,Healthcare,Healthcare,Domestic Equities,1792251.0,1703020.0,5.239574403119165,164.5645,146.5789,12.270251721086742,5.23438666440961,1100,sai-life-sciences,Small Cap,Oct-2025
38020,6672,1,Apollo Hospitals Enterprise Ltd.,Healthcare,Healthcare,Domestic Equities,194767.0,194767.0,0.0,149.60049999999998,144.30290000000002,3.671166691729677,4.75841911341151,1100,apollo-hospitals-enterprise,Large Cap,Oct-2025
58780,8388,1,Alembic Pharmaceuticals Ltd.,Healthcare,Healthcare,Domestic Equities,1428180.0,1428180.0,0.0,128.1649,128.72899999999998,-0.4382073969346445,4.07660609308442,1100,alembic-pharmaceuticals,Small Cap,Oct-2025
152042,5623,1,Kovai Medical Center & Hospital Ltd.,Healthcare,Healthcare,Domestic Equities,165156.0,165156.0,0.0,105.6924,101.2902,4.346126278751541,3.361811867623,1100,kovai-medical-center-hospital,Small Cap,Oct-2025
152391,5643,1,Pfizer Ltd.,Healthcare,Healthcare,Domestic Equities,200644.0,200644.0,0.0,104.5155,101.0443,3.4353249020479035,3.32437761135665,1100,pfizer,Small Cap,Oct-2025
133360,5711,1,Procter & Gamble Health Ltd.,Healthcare,Healthcare,Domestic Equities,159288.0,159288.0,0.0,98.2249,100.4709,-2.235473156904142,3.1242893009912,1100,procter-gamble-health,Small Cap,Oct-2025
190355,99127,1,Vijaya Diagnostic Centre Ltd.,Healthcare,Healthcare,Domestic Equities,935530.0,935530.0,0.0,92.4912,93.553,-1.1349716203649105,2.94191459187882,1100,vijaya-diagnostic-centre,Small Cap,Oct-2025
152425,8271,1,Indoco Remedies Ltd.,Healthcare,Healthcare,Domestic Equities,3233474.0,3233474.0,0.0,90.2624,94.4013,-4.3843675881582085,2.87102201785686,1100,indoco-remedies,Small Cap,Oct-2025
57415,105415,1,Concord Biotech Ltd.,Healthcare,Healthcare,Domestic Equities,489774.0,489774.0,0.0,70.7136,80.7001,-12.374829770966834,2.24922340378633,1100,concord-biotech,Small Cap,Oct-2025
95406,100018,1,Emcure Pharmaceuticals Ltd.,Healthcare,Healthcare,Domestic Equities,393289.0,393289.0,0.0,51.8709,50.3371,3.0470567434357583,1.64988407117528,1100,emcure-pharmaceuticals,Small Cap,Oct-2025
171636,86629,1,ICICI Lombard General Insurance Company Ltd.,Insurance,Finance,Domestic Equities,241413.0,241413.0,0.0,48.130500000000005,45.6222,5.497981245972354,1.53091126793061,1100,icici-lombard-general-insurance-company,Mid Cap,Oct-2025
311,7883,1,Aarti Drugs Ltd.,Healthcare,Healthcare,Domestic Equities,852155.0,852155.0,0.0,41.8493,41.4573,0.9455512056984108,1.33112194814117,1100,aarti-drugs,Small Cap,Oct-2025
37854,6333,1,Unichem Laboratories Ltd.,Healthcare,Healthcare,Domestic Equities,852063.0,852063.0,0.0,40.1279,39.3142,2.069735617156139,1.27636850372202,1100,unichem-laboratories,Small Cap,Oct-2025
96373,16122,1,Thyrocare Technologies Ltd.,Healthcare,Healthcare,Domestic Equities,183669.0,183669.0,0.0,25.6641,21.3166,20.39490350243473,0.816311068268518,1100,thyrocare-technologies,Small Cap,Oct-2025
38931,15891,1,Alkem Laboratories Ltd.,Healthcare,Healthcare,Domestic Equities,37334.0,37334.0,0.0,20.558000000000003,20.2537,1.502441529202086,0.653898751230871,1100,alkem-laboratories,Mid Cap,Oct-2025
102214,109824,1,Jupiter Life Line Hospitals Ltd.,Healthcare,Healthcare,Domestic Equities,94117.0,94117.0,0.0,14.9486,14.3143,4.431233102561762,0.475477715373567,1100,jupiter-life-line-hospitals,Small Cap,Oct-2025
59506,99993,1,Medplus Health Services Ltd.,Retailing,Retailing,Domestic Equities,192078.0,192078.0,0.0,14.6527,14.5489,0.7134560001099658,0.466065873730936,1100,medplus-health-services,Small Cap,Oct-2025
221905,112380,1,Laxmi Dental Ltd.,Healthcare,Healthcare,Domestic Equities,280401.0,280401.0,0.0,8.8102,9.1186,-3.3820981290987686,0.280230507738799,1100,laxmi-dental,Small Cap,Oct-2025
133330,5128,1,Cipla Ltd.,Healthcare,Healthcare,Domestic Equities,1790481.0,1790481.0,0.0,269.163,284.5791,-5.4171581820309385,8.75560425942583,1100,cipla,Large Cap,Sep-2025
420,5071,1,Sun Pharmaceutical Industries Ltd.,Healthcare,Healthcare,Domestic Equities,1535592.0,1535592.0,0.0,244.8194,244.8501,-0.01253828362741,7.96373120165133,1100,sun-pharmaceutical-industries,Large Cap,Sep-2025
178941,94376,1,Cohance Lifesciences Ltd.,Healthcare,Healthcare,Domestic Equities,2764085.0,2602612.0,6.204267097823264,242.9907,229.186,6.023360938277213,7.904245412337,1100,cohance-lifesciences,Small Cap,Sep-2025
352,7184,1,Ipca Laboratories Ltd.,Healthcare,Healthcare,Domestic Equities,1696381.0,1696381.0,0.0,227.1454,234.847,-3.27941170208689,7.38881358785934,1100,ipca-laboratories,Mid Cap,Sep-2025
139924,82380,1,Laurus Labs Ltd.,Healthcare,Healthcare,Domestic Equities,2217884.0,2217884.0,0.0,186.7015,190.0505,-1.7621632145140256,6.07321380962908,1100,laurus-labs,Mid Cap,Sep-2025
97743,96921,1,Gland Pharma Ltd.,Healthcare,Healthcare,Domestic Equities,920673.0,920673.0,0.0,183.3612,172.304,6.417262512768115,5.96455717811672,1100,gland-pharma,Small Cap,Sep-2025
861,112211,1,Sai Life Sciences Ltd.,Healthcare,Healthcare,Domestic Equities,1703020.0,1703020.0,0.0,146.5789,140.44809999999998,4.365171191351111,4.76806560033122,1100,sai-life-sciences,Small Cap,Sep-2025
38020,6672,1,Apollo Hospitals Enterprise Ltd.,Healthcare,Healthcare,Domestic Equities,194767.0,194767.0,0.0,144.30290000000002,148.2177,-2.641249999156643,4.69402958760119,1100,apollo-hospitals-enterprise,Large Cap,Sep-2025
58780,8388,1,Alembic Pharmaceuticals Ltd.,Healthcare,Healthcare,Domestic Equities,1428180.0,1428180.0,0.0,128.72899999999998,133.8133,-3.7995475786039226,4.18742613476454,1100,alembic-pharmaceuticals,Small Cap,Sep-2025
152042,5623,1,Kovai Medical Center & Hospital Ltd.,Healthcare,Healthcare,Domestic Equities,165156.0,165156.0,0.0,101.2902,104.7675,-3.319063640919174,3.29486930431781,1100,kovai-medical-center-hospital,Small Cap,Sep-2025
152391,5643,1,Pfizer Ltd.,Healthcare,Healthcare,Domestic Equities,200644.0,200644.0,0.0,101.0443,103.452,-2.327359548389595,3.28687042227461,1100,pfizer,Small Cap,Sep-2025
133360,5711,1,Procter & Gamble Health Ltd.,Healthcare,Healthcare,Domestic Equities,159288.0,159288.0,0.0,100.4709,101.4665,-0.9812105473234958,3.26821829147523,1100,procter-gamble-health,Small Cap,Sep-2025
152425,8271,1,Indoco Remedies Ltd.,Healthcare,Healthcare,Domestic Equities,3233474.0,3233474.0,0.0,94.4013,86.2044,9.508679371354578,3.07078024979412,1100,indoco-remedies,Small Cap,Sep-2025
190355,99127,1,Vijaya Diagnostic Centre Ltd.,Healthcare,Healthcare,Domestic Equities,935530.0,935530.0,0.0,93.553,94.2827,-0.773948985338786,3.04318589584031,1100,vijaya-diagnostic-centre,Small Cap,Sep-2025
57415,105415,1,Concord Biotech Ltd.,Healthcare,Healthcare,Domestic Equities,489774.0,489774.0,0.0,80.7001,82.3653,-2.0217251682444,2.62509386244057,1100,concord-biotech,Small Cap,Sep-2025
95406,100018,1,Emcure Pharmaceuticals Ltd.,Healthcare,Healthcare,Domestic Equities,393289.0,393289.0,0.0,50.3371,54.8009,-8.145486661715411,1.63741571897751,1100,emcure-pharmaceuticals,Small Cap,Sep-2025
171636,86629,1,ICICI Lombard General Insurance Company Ltd.,Insurance,Finance,Domestic Equities,241413.0,241413.0,0.0,45.6222,44.4103,2.728871455495696,1.48404471879262,1100,icici-lombard-general-insurance-company,Mid Cap,Sep-2025
311,7883,1,Aarti Drugs Ltd.,Healthcare,Healthcare,Domestic Equities,852155.0,852155.0,0.0,41.4573,40.0129,3.609835827945477,1.34856467071735,1100,aarti-drugs,Small Cap,Sep-2025
37854,6333,1,Unichem Laboratories Ltd.,Healthcare,Healthcare,Domestic Equities,852063.0,852063.0,0.0,39.3142,42.9269,-8.415934996470734,1.27885176259708,1100,unichem-laboratories,Small Cap,Sep-2025
96373,16122,1,Thyrocare Technologies Ltd.,Healthcare,Healthcare,Domestic Equities,183669.0,183669.0,0.0,21.3166,23.2396,-8.274669099296036,0.69340776316387,1100,thyrocare-technologies,Small Cap,Sep-2025
38931,15891,1,Alkem Laboratories Ltd.,Healthcare,Healthcare,Domestic Equities,37334.0,37334.0,0.0,20.2537,19.8001,2.290897520719587,0.658832684986915,1100,alkem-laboratories,Mid Cap,Sep-2025
59506,99993,1,Medplus Health Services Ltd.,Retailing,Retailing,Domestic Equities,192078.0,192078.0,0.0,14.5489,16.172,-10.036482809794704,0.47326122390507,1100,medplus-health-services,Small Cap,Sep-2025
102214,109824,1,Jupiter Life Line Hospitals Ltd.,Healthcare,Healthcare,Domestic Equities,94117.0,94117.0,0.0,14.3143,13.2743,7.834688081480756,0.465629919605218,1100,jupiter-life-line-hospitals,Small Cap,Sep-2025
221905,112380,1,Laxmi Dental Ltd.,Healthcare,Healthcare,Domestic Equities,280401.0,280401.0,0.0,9.1186,9.5687,-4.703878269775412,0.296618974376123,1100,laxmi-dental,Small Cap,Sep-2025
133330,5128,1,Cipla Ltd.,Healthcare,Healthcare,Domestic Equities,1790481.0,1790481.0,0.0,284.5791,278.3482,2.238527139747985,9.15951334242571,1100,cipla,Large Cap,Aug-2025
420,5071,1,Sun Pharmaceutical Industries Ltd.,Healthcare,Healthcare,Domestic Equities,1535592.0,1535592.0,0.0,244.8501,262.0795,-6.574112053785215,7.88078870811058,1100,sun-pharmaceutical-industries,Large Cap,Aug-2025
352,7184,1,Ipca Laboratories Ltd.,Healthcare,Healthcare,Domestic Equities,1696381.0,1696381.0,0.0,234.847,250.0296,-6.072321037189191,7.55882715887657,1100,ipca-laboratories,Mid Cap,Aug-2025
178941,94376,1,Cohance Lifesciences Ltd.,Healthcare,Healthcare,Domestic Equities,2602612.0,2489539.0,4.5419252319405325,229.186,248.568,-7.797463873064919,7.37662120969945,1100,cohance-lifesciences,Small Cap,Aug-2025
139924,82380,1,Laurus Labs Ltd.,Healthcare,Healthcare,Domestic Equities,2217884.0,2217884.0,0.0,190.0505,193.9207,-1.995764247963216,6.11699907155753,1100,laurus-labs,Mid Cap,Aug-2025
97743,96921,1,Gland Pharma Ltd.,Healthcare,Healthcare,Domestic Equities,920673.0,920673.0,0.0,172.304,190.1006,-9.36167481849084,5.54580707772749,1100,gland-pharma,Small Cap,Aug-2025
38020,6672,1,Apollo Hospitals Enterprise Ltd.,Healthcare,Healthcare,Domestic Equities,194767.0,194767.0,0.0,148.2177,146.03629999999998,1.4937382007076407,4.77056115763122,1100,apollo-hospitals-enterprise,Large Cap,Aug-2025
861,112211,1,Sai Life Sciences Ltd.,Healthcare,Healthcare,Domestic Equities,1703020.0,1703020.0,0.0,140.44809999999998,137.6807,2.010013022885559,4.52048743519233,1100,sai-life-sciences,Small Cap,Aug-2025
58780,8388,1,Alembic Pharmaceuticals Ltd.,Healthcare,Healthcare,Domestic Equities,1428180.0,1428180.0,0.0,133.8133,139.6617,-4.187547480805405,4.3069385866496,1100,alembic-pharmaceuticals,Small Cap,Aug-2025
152042,5623,1,Kovai Medical Center & Hospital Ltd.,Healthcare,Healthcare,Domestic Equities,165156.0,165156.0,0.0,104.7675,103.1804,1.5381797318095212,3.37206532068794,1100,kovai-medical-center-hospital,Small Cap,Aug-2025
152391,5643,1,Pfizer Ltd.,Healthcare,Healthcare,Domestic Equities,200644.0,200644.0,0.0,103.452,104.2245,-0.7411884921491587,3.32972440457021,1100,pfizer,Small Cap,Aug-2025
133360,5711,1,Procter & Gamble Health Ltd.,Healthcare,Healthcare,Domestic Equities,159288.0,159288.0,0.0,101.4665,93.9082,8.048604914160851,3.2658187497228,1100,procter-gamble-health,Small Cap,Aug-2025
190355,99127,1,Vijaya Diagnostic Centre Ltd.,Healthcare,Healthcare,Domestic Equities,935530.0,935530.0,0.0,94.2827,100.5742,-6.255580457015812,3.03459968989262,1100,vijaya-diagnostic-centre,Small Cap,Aug-2025
152425,8271,1,Indoco Remedies Ltd.,Healthcare,Healthcare,Domestic Equities,3233474.0,3233474.0,0.0,86.2044,102.776,-16.12399782050284,2.77459009454947,1100,indoco-remedies,Small Cap,Aug-2025
57415,105415,1,Concord Biotech Ltd.,Healthcare,Healthcare,Domestic Equities,489774.0,489774.0,0.0,82.3653,86.5578,-4.843584287031325,2.65102414162845,1100,concord-biotech,Small Cap,Aug-2025
95406,100018,1,Emcure Pharmaceuticals Ltd.,Healthcare,Healthcare,Domestic Equities,393289.0,393289.0,0.0,54.8009,55.438,-1.1492117320249655,1.76383147858341,1100,emcure-pharmaceuticals,Small Cap,Aug-2025
171636,86629,1,ICICI Lombard General Insurance Company Ltd.,Insurance,Finance,Domestic Equities,241413.0,241413.0,0.0,44.4103,46.5203,-4.535654327250684,1.42939778568113,1100,icici-lombard-general-insurance-company,Mid Cap,Aug-2025
37854,6333,1,Unichem Laboratories Ltd.,Healthcare,Healthcare,Domestic Equities,852063.0,852063.0,0.0,42.9269,53.1219,-19.191708127909585,1.38165281041009,1100,unichem-laboratories,Small Cap,Aug-2025
311,7883,1,Aarti Drugs Ltd.,Healthcare,Healthcare,Domestic Equities,852155.0,852155.0,0.0,40.0129,43.183,-7.341083296667675,1.28786229002462,1100,aarti-drugs,Small Cap,Aug-2025
96373,16122,1,Thyrocare Technologies Ltd.,Healthcare,Healthcare,Domestic Equities,183669.0,229064.0,-19.81760556001816,23.2396,30.3716,-23.48246388073068,0.747993883853862,1100,thyrocare-technologies,Small Cap,Aug-2025
38931,15891,1,Alkem Laboratories Ltd.,Healthcare,Healthcare,Domestic Equities,37334.0,37334.0,0.0,19.8001,18.7831,5.41444170557576,0.637289527345344,1100,alkem-laboratories,Mid Cap,Aug-2025
59506,99993,1,Medplus Health Services Ltd.,Retailing,Retailing,Domestic Equities,192078.0,192078.0,0.0,16.172,17.873800000000003,-9.521198625921745,0.520514857815309,1100,medplus-health-services,Small Cap,Aug-2025
102214,109824,1,Jupiter Life Line Hospitals Ltd.,Healthcare,Healthcare,Domestic Equities,94117.0,94117.0,0.0,13.2743,13.4587,-1.3701174704837635,0.427248972118338,1100,jupiter-life-line-hospitals,Small Cap,Aug-2025
221905,112380,1,Laxmi Dental Ltd.,Healthcare,Healthcare,Domestic Equities,280401.0,280401.0,0.0,9.5687,11.8343,-19.144351588180125,0.307979873854647,1100,laxmi-dental,Small Cap,Aug-2025
133330,5128,1,Cipla Ltd.,Healthcare,Healthcare,Domestic Equities,1790481.0,1790481.0,0.0,269.6285,262.43080000000003,2.742703981392416,8.82031268170958,1100,cipla,Large Cap,Jun-2025
420,5071,1,Sun Pharmaceutical Industries Ltd.,Healthcare,Healthcare,Domestic Equities,1535592.0,1535592.0,0.0,257.3192,257.6109,-0.1132327863456161,8.41764057956545,1100,sun-pharmaceutical-industries,Large Cap,Jun-2025
178941,94376,1,Cohance Lifesciences Ltd.,Healthcare,Healthcare,Domestic Equities,2489539.0,2489539.0,0.0,240.9625,260.829,-7.61667605979397,7.88256654829309,1100,cohance-lifesciences,Small Cap,Jun-2025
352,7184,1,Ipca Laboratories Ltd.,Healthcare,Healthcare,Domestic Equities,1696381.0,1696381.0,0.0,235.763,241.7004,-2.4565122771828327,7.71247616174809,1100,ipca-laboratories,Mid Cap,Jun-2025
97743,96921,1,Gland Pharma Ltd.,Healthcare,Healthcare,Domestic Equities,920673.0,920673.0,0.0,168.81459999999998,146.25809999999998,15.422393699904482,5.52240418664099,1100,gland-pharma,Small Cap,Jun-2025
139924,82380,1,Laurus Labs Ltd.,Healthcare,Healthcare,Domestic Equities,2217884.0,2217884.0,0.0,160.7633,135.2022,18.905831413985872,5.25902333671508,1100,laurus-labs,Mid Cap,Jun-2025
58780,8388,1,Alembic Pharmaceuticals Ltd.,Healthcare,Healthcare,Domestic Equities,1428180.0,1428180.0,0.0,148.4022,145.3959,2.0676649066445423,4.85465670970836,1100,alembic-pharmaceuticals,Small Cap,Jun-2025
38020,6672,1,Apollo Hospitals Enterprise Ltd.,Healthcare,Healthcare,Domestic Equities,194767.0,194767.0,0.0,141.0503,134.0094,5.254034418481092,4.61415521671092,1100,apollo-hospitals-enterprise,Large Cap,Jun-2025
861,112211,1,Sai Life Sciences Ltd.,Healthcare,Healthcare,Domestic Equities,1703020.0,1597108.0,6.631486411689128,131.7286,120.8931,8.962877120365025,4.30921598096584,1100,sai-life-sciences,Small Cap,Jun-2025
152391,5643,1,Pfizer Ltd.,Healthcare,Healthcare,Domestic Equities,200644.0,200644.0,0.0,113.9156,112.6275,1.143681605291776,3.7265022478134,1100,pfizer,Small Cap,Jun-2025
152425,8271,1,Indoco Remedies Ltd.,Healthcare,Healthcare,Domestic Equities,3233474.0,3233474.0,0.0,102.6951,81.0567,26.695387302962004,3.35944788061883,1100,indoco-remedies,Small Cap,Jun-2025
152042,5623,1,Kovai Medical Center & Hospital Ltd.,Healthcare,Healthcare,Domestic Equities,165156.0,165156.0,0.0,96.5205,102.1151,-5.478719601704361,3.15745920848482,1100,kovai-medical-center-hospital,Small Cap,Jun-2025
133360,5711,1,Procter & Gamble Health Ltd.,Healthcare,Healthcare,Domestic Equities,159288.0,158704.0,0.367980643210001,93.6693,91.2231,2.6815576317840635,3.06418837280502,1100,procter-gamble-health,Small Cap,Jun-2025
190355,99127,1,Vijaya Diagnostic Centre Ltd.,Healthcare,Healthcare,Domestic Equities,935530.0,935530.0,0.0,92.1731,89.4647,3.027339274596575,3.01524342880105,1100,vijaya-diagnostic-centre,Small Cap,Jun-2025
57415,105415,1,Concord Biotech Ltd.,Healthcare,Healthcare,Domestic Equities,489774.0,489774.0,0.0,90.0988,85.637,5.210131134906622,2.94738719477657,1100,concord-biotech,Small Cap,Jun-2025
37854,6333,1,Unichem Laboratories Ltd.,Healthcare,Healthcare,Domestic Equities,852063.0,852063.0,0.0,50.2121,50.9704,-1.4877262097217194,1.64258015159848,1100,unichem-laboratories,Small Cap,Jun-2025
171636,86629,1,ICICI Lombard General Insurance Company Ltd.,Insurance,Finance,Domestic Equities,241413.0,241413.0,0.0,49.2531,45.2746,8.78748790712674,1.61120854265595,1100,icici-lombard-general-insurance-company,Mid Cap,Jun-2025
95406,100018,1,Emcure Pharmaceuticals Ltd.,Healthcare,Healthcare,Domestic Equities,342776.0,342776.0,0.0,44.3484,45.5858,-2.7144417779220675,1.45076189992352,1100,emcure-pharmaceuticals,Small Cap,Jun-2025
311,7883,1,Aarti Drugs Ltd.,Healthcare,Healthcare,Domestic Equities,852155.0,852155.0,0.0,39.0415,37.8229,3.221857657662425,1.27715815487964,1100,aarti-drugs,Small Cap,Jun-2025
96373,16122,1,Thyrocare Technologies Ltd.,Healthcare,Healthcare,Domestic Equities,229064.0,229064.0,0.0,22.6888,24.0334,-5.594714022984681,0.74221497494802,1100,thyrocare-technologies,Small Cap,Jun-2025
38931,15891,1,Alkem Laboratories Ltd.,Healthcare,Healthcare,Domestic Equities,37334.0,37334.0,0.0,18.4393,19.0347,-3.127971546701548,0.603201781828877,1100,alkem-laboratories,Mid Cap,Jun-2025
59506,99993,1,Medplus Health Services Ltd.,Healthcare,Healthcare,Domestic Equities,192078.0,192078.0,0.0,17.3735,18.5624,-6.404882989268634,0.568336442088582,1100,medplus-health-services,Small Cap,Jun-2025
102214,109824,1,Jupiter Life Line Hospitals Ltd.,Healthcare,Healthcare,Domestic Equities,94117.0,94117.0,0.0,14.0921,13.7863,2.2181440995771107,0.460992544712149,1100,jupiter-life-line-hospitals,Small Cap,Jun-2025
221905,112380,1,Laxmi Dental Ltd.,Healthcare,Healthcare,Domestic Equities,280401.0,280401.0,0.0,12.182,10.7604,13.21140478049144,0.398507758225062,1100,laxmi-dental,Small Cap,Jun-2025
420,5071,1,Sun Pharmaceutical Industries Ltd.,Healthcare,Healthcare,Domestic Equities,1875450.0,1875450.0,0.0,353.7755,333.9989,5.921157225368118,10.5927585845837,1100,sun-pharmaceutical-industries,Large Cap,Dec-2024
178941,94376,1,Cohance Lifesciences Ltd.,Healthcare,Healthcare,Domestic Equities,2489539.0,2489539.0,0.0,283.4963,325.084,-12.792908909697188,8.48845628236753,1100,cohance-lifesciences,Small Cap,Dec-2024
133330,5128,1,Cipla Ltd.,Healthcare,Healthcare,Domestic Equities,1790481.0,1664067.0,7.596689315995089,273.7645,255.2512,7.252972757816621,8.19706638116337,1100,cipla,Large Cap,Dec-2024
352,7184,1,Ipca Laboratories Ltd.,Healthcare,Healthcare,Domestic Equities,1603985.0,1603985.0,0.0,271.9075,247.4227,9.895939216571476,8.14146402121597,1100,ipca-laboratories,Mid Cap,Dec-2024
58780,8388,1,Alembic Pharmaceuticals Ltd.,Healthcare,Healthcare,Domestic Equities,1423563.0,1423563.0,0.0,151.7874,155.4816,-2.37597246233638,4.54482372120635,1100,alembic-pharmaceuticals,Small Cap,Dec-2024
97743,96921,1,Gland Pharma Ltd.,Healthcare,Healthcare,Domestic Equities,822541.0,822541.0,0.0,146.3588,142.9576,2.3791669697868385,4.38228038722118,1100,gland-pharma,Small Cap,Dec-2024
38020,6672,1,Apollo Hospitals Enterprise Ltd.,Healthcare,Healthcare,Domestic Equities,186206.0,186206.0,0.0,135.8624,127.1582,6.845173964400251,4.06799680566388,1100,apollo-hospitals-enterprise,Mid Cap,Dec-2024
57415,105415,1,Concord Biotech Ltd.,Healthcare,Healthcare,Domestic Equities,583966.0,583966.0,0.0,129.1003,124.2388,3.9130287800590593,3.8655257673223,1100,concord-biotech,Small Cap,Dec-2024
861,112211,1,Sai Life Sciences Ltd.,Healthcare,Healthcare,Domestic Equities,1578922.0,,,118.6086,,,3.55138291333191,1100,sai-life-sciences,Small Cap,Dec-2024
139924,82380,1,Laurus Labs Ltd.,Healthcare,Healthcare,Domestic Equities,1940962.0,1940962.0,0.0,116.9818,110.0817,6.26816264647076,3.50267320995957,1100,laurus-labs,Small Cap,Dec-2024
190355,99127,1,Vijaya Diagnostic Centre Ltd.,Healthcare,Healthcare,Domestic Equities,1019072.0,1019072.0,0.0,107.7006,118.89,-9.411556901337374,3.22477518995751,1100,vijaya-diagnostic-centre,Small Cap,Dec-2024
152425,8271,1,Indoco Remedies Ltd.,Healthcare,Healthcare,Domestic Equities,3186131.0,3186131.0,0.0,105.8433,103.4696,2.294103775408437,3.16916384739946,1100,indoco-remedies,Small Cap,Dec-2024
152042,5623,1,Kovai Medical Center & Hospital Ltd.,Healthcare,Healthcare,Domestic Equities,165156.0,165156.0,0.0,98.5502,86.52690000000001,13.895447542902842,2.95079358820054,1100,kovai-medical-center-hospital,Small Cap,Dec-2024
152391,5643,1,Pfizer Ltd.,Healthcare,Healthcare,Domestic Equities,177840.0,144137.0,23.38261515086341,93.9262,76.58359999999999,22.645318318804563,2.81234161598902,1100,pfizer,Small Cap,Dec-2024
133360,5711,1,Procter & Gamble Health Ltd.,Healthcare,Healthcare,Domestic Equities,158704.0,158704.0,0.0,83.12989999999999,82.1619,1.1781616540026372,2.48907841798141,1100,procter-gamble-health,Small Cap,Dec-2024
37854,6333,1,Unichem Laboratories Ltd.,Healthcare,Healthcare,Domestic Equities,735591.0,735591.0,0.0,54.7096,61.786,-11.453079985757295,1.63811678609497,1100,unichem-laboratories,Small Cap,Dec-2024
95406,100018,1,Emcure Pharmaceuticals Ltd.,Healthcare,Healthcare,Domestic Equities,342776.0,342776.0,0.0,49.603100000000005,46.788900000000005,6.014674420642504,1.48521778174849,1100,emcure-pharmaceuticals,Small Cap,Dec-2024
171636,86629,1,ICICI Lombard General Insurance Company Ltd.,Insurance,Finance,Domestic Equities,241413.0,241413.0,0.0,43.1586,44.9475,-3.979976639412655,1.29225633388579,1100,icici-lombard-general-insurance-company,Mid Cap,Dec-2024
96304,15914,1,Narayana Hrudayalaya Ltd.,Healthcare,Healthcare,Domestic Equities,321181.0,321181.0,0.0,40.8799,40.684,0.4815160751155169,1.22402741756261,1100,narayana-hrudayalaya,Small Cap,Dec-2024
311,7883,1,Aarti Drugs Ltd.,Healthcare,Healthcare,Domestic Equities,808267.0,732693.0,10.314551933756704,37.2126,33.7625,10.218733802295452,1.11422099072626,1100,aarti-drugs,Small Cap,Dec-2024
38931,15891,1,Alkem Laboratories Ltd.,Healthcare,Healthcare,Domestic Equities,37334.0,37334.0,0.0,21.0336,21.0655,-0.1514324369229334,0.629788798163523,1100,alkem-laboratories,Mid Cap,Dec-2024
152211,6247,1,Lupin Ltd.,Healthcare,Healthcare,Domestic Equities,80146.0,80146.0,0.0,18.88,16.4359,14.870496900078493,0.565305630483004,1100,lupin,Mid Cap,Dec-2024
59506,99993,1,Medplus Health Services Ltd.,Healthcare,Healthcare,Domestic Equities,192078.0,192078.0,0.0,15.958800000000002,15.0339,6.152096262446871,0.477838956342806,1100,medplus-health-services,Small Cap,Dec-2024
102214,109824,1,Jupiter Life Line Hospitals Ltd.,Healthcare,Healthcare,Domestic Equities,96478.0,96478.0,0.0,15.0776,14.5933,3.318646228063568,0.451454034648864,1100,jupiter-life-line-hospitals,Small Cap,Dec-2024
96373,16122,1,Thyrocare Technologies Ltd.,Healthcare,Healthcare,Domestic Equities,24382.0,24382.0,0.0,2.2232,2.4391,-8.851625599606413,0.0665671333522148,1100,thyrocare-technologies,Small Cap,Dec-2024
420,5071,1,Sun Pharmaceutical Industries Ltd.,Healthcare,Healthcare,Domestic Equities,1875450.0,1875450.0,0.0,327.0691,353.7755,-7.548968201585477,10.2288364035616,1100,sun-pharmaceutical-industries,Large Cap,Jan-2025
133330,5128,1,Cipla Ltd.,Healthcare,Healthcare,Domestic Equities,1790481.0,1790481.0,0.0,264.8838,273.7645,-3.243919500154328,8.28403862105511,1100,cipla,Large Cap,Jan-2025
178941,94376,1,Cohance Lifesciences Ltd.,Healthcare,Healthcare,Domestic Equities,2489539.0,2489539.0,0.0,262.5841,283.4963,-7.37653366199136,8.21211725924725,1100,cohance-lifesciences,Small Cap,Jan-2025
352,7184,1,Ipca Laboratories Ltd.,Healthcare,Healthcare,Domestic Equities,1603985.0,1603985.0,0.0,231.5032,271.9075,-14.859575407077775,7.24008584027353,1100,ipca-laboratories,Mid Cap,Jan-2025
97743,96921,1,Gland Pharma Ltd.,Healthcare,Healthcare,Domestic Equities,920673.0,822541.0,11.9303475449856,140.37959999999998,146.3588,-4.085302694474128,4.3902648180382,1100,gland-pharma,Small Cap,Jan-2025
38020,6672,1,Apollo Hospitals Enterprise Ltd.,Healthcare,Healthcare,Domestic Equities,194767.0,186206.0,4.597596210648422,132.64610000000002,135.8624,-2.367321643074164,4.14840550963229,1100,apollo-hospitals-enterprise,Mid Cap,Jan-2025
139924,82380,1,Laurus Labs Ltd.,Healthcare,Healthcare,Domestic Equities,2255357.0,1940962.0,16.197895682656334,131.7241,116.9818,12.602216755084974,4.11957066352765,1100,laurus-labs,Small Cap,Jan-2025
58780,8388,1,Alembic Pharmaceuticals Ltd.,Healthcare,Healthcare,Domestic Equities,1423563.0,1423563.0,0.0,130.9891,151.7874,-13.70225723610787,4.09658409965898,1100,alembic-pharmaceuticals,Small Cap,Jan-2025
57415,105415,1,Concord Biotech Ltd.,Healthcare,Healthcare,Domestic Equities,583966.0,583966.0,0.0,125.8242,129.1003,-2.537639339335389,3.93505579527084,1100,concord-biotech,Small Cap,Jan-2025
190355,99127,1,Vijaya Diagnostic Centre Ltd.,Healthcare,Healthcare,Domestic Equities,1019072.0,1019072.0,0.0,105.4536,107.7006,-2.086339351869896,3.29798083208296,1100,vijaya-diagnostic-centre,Small Cap,Jan-2025
861,112211,1,Sai Life Sciences Ltd.,Healthcare,Healthcare,Domestic Equities,1597108.0,1578922.0,1.151798505562656,104.8981,118.6086,-11.55944847169599,3.2806079936761,1100,sai-life-sciences,Small Cap,Jan-2025
152042,5623,1,Kovai Medical Center & Hospital Ltd.,Healthcare,Healthcare,Domestic Equities,165156.0,165156.0,0.0,90.5311,98.5502,-8.137071259114641,2.83129103707589,1100,kovai-medical-center-hospital,Small Cap,Jan-2025
152391,5643,1,Pfizer Ltd.,Healthcare,Healthcare,Domestic Equities,198842.0,177840.0,11.80949167791273,90.2385,93.9262,-3.926167565599379,2.8221401954596,1100,pfizer,Small Cap,Jan-2025
133360,5711,1,Procter & Gamble Health Ltd.,Healthcare,Healthcare,Domestic Equities,158704.0,158704.0,0.0,85.42399999999999,83.12989999999999,2.7596568743616903,2.67157038356069,1100,procter-gamble-health,Small Cap,Jan-2025
152425,8271,1,Indoco Remedies Ltd.,Healthcare,Healthcare,Domestic Equities,3233474.0,3186131.0,1.4859087714849135,80.8207,105.8433,-23.641175209011813,2.5276056904224,1100,indoco-remedies,Small Cap,Jan-2025
37854,6333,1,Unichem Laboratories Ltd.,Healthcare,Healthcare,Domestic Equities,735591.0,735591.0,0.0,51.9842,54.7096,-4.98157544562563,1.62576616797499,1100,unichem-laboratories,Small Cap,Jan-2025
171636,86629,1,ICICI Lombard General Insurance Company Ltd.,Insurance,Finance,Domestic Equities,241413.0,241413.0,0.0,44.8666,43.1586,3.95749630432869,1.40316866186392,1100,icici-lombard-general-insurance-company,Mid Cap,Jan-2025
96304,15914,1,Narayana Hrudayalaya Ltd.,Healthcare,Healthcare,Domestic Equities,321181.0,321181.0,0.0,44.552600000000005,40.8799,8.984121781119828,1.39334855158534,1100,narayana-hrudayalaya,Small Cap,Jan-2025
95406,100018,1,Emcure Pharmaceuticals Ltd.,Healthcare,Healthcare,Domestic Equities,342776.0,342776.0,0.0,42.11,49.603100000000005,-15.106112319592937,1.31695810137362,1100,emcure-pharmaceuticals,Small Cap,Jan-2025
311,7883,1,Aarti Drugs Ltd.,Healthcare,Healthcare,Domestic Equities,838808.0,808267.0,3.778578118369301,34.005300000000005,37.2126,-8.618854903984134,1.06348979635812,1100,aarti-drugs,Small Cap,Jan-2025
38931,15891,1,Alkem Laboratories Ltd.,Healthcare,Healthcare,Domestic Equities,37334.0,37334.0,0.0,18.9024,21.0336,-10.13235965312643,0.591158129076343,1100,alkem-laboratories,Mid Cap,Jan-2025
96373,16122,1,Thyrocare Technologies Ltd.,Healthcare,Healthcare,Domestic Equities,229064.0,24382.0,839.4799442211469,18.285,2.2232,722.4631162288593,0.571849415426661,1100,thyrocare-technologies,Small Cap,Jan-2025
152211,6247,1,Lupin Ltd.,Healthcare,Healthcare,Domestic Equities,80146.0,80146.0,0.0,16.674,18.88,-11.6843220338983,0.521466620334928,1100,lupin,Mid Cap,Jan-2025
102214,109824,1,Jupiter Life Line Hospitals Ltd.,Healthcare,Healthcare,Domestic Equities,96478.0,96478.0,0.0,15.7172,15.0776,4.242054438372158,0.491543430798136,1100,jupiter-life-line-hospitals,Small Cap,Jan-2025
59506,99993,1,Medplus Health Services Ltd.,Healthcare,Healthcare,Domestic Equities,192078.0,192078.0,0.0,13.894,15.958800000000002,-12.938316164122616,0.434524242709217,1100,medplus-health-services,Small Cap,Jan-2025
221905,112380,1,Laxmi Dental Ltd.,Healthcare,Healthcare,Domestic Equities,280401.0,,,13.8532,,,0.433248253857732,1100,laxmi-dental,,Jan-2025
178941,94376,1,Cohance Lifesciences Ltd.,Healthcare,Healthcare,Domestic Equities,2489539.0,2489539.0,0.0,302.4043,262.5841,15.164741505673804,10.2484328491492,1100,cohance-lifesciences,Small Cap,Feb-2025
420,5071,1,Sun Pharmaceutical Industries Ltd.,Healthcare,Healthcare,Domestic Equities,1875450.0,1875450.0,0.0,298.8061,327.0691,-8.641293231308,10.1264904327292,1100,sun-pharmaceutical-industries,Large Cap,Feb-2025
133330,5128,1,Cipla Ltd.,Healthcare,Healthcare,Domestic Equities,1790481.0,1790481.0,0.0,252.0102,264.8838,-4.860093369243422,8.54058494538822,1100,cipla,Large Cap,Feb-2025
352,7184,1,Ipca Laboratories Ltd.,Healthcare,Healthcare,Domestic Equities,1603985.0,1603985.0,0.0,217.3961,231.5032,-6.093695465116678,7.36751869109311,1100,ipca-laboratories,Mid Cap,Feb-2025
97743,96921,1,Gland Pharma Ltd.,Healthcare,Healthcare,Domestic Equities,920673.0,920673.0,0.0,142.9621,140.37959999999998,1.839654764652414,4.84496246192053,1100,gland-pharma,Small Cap,Feb-2025
38020,6672,1,Apollo Hospitals Enterprise Ltd.,Healthcare,Healthcare,Domestic Equities,194767.0,194767.0,0.0,117.8847,132.64610000000002,-11.128408600026695,3.99509342920091,1100,apollo-hospitals-enterprise,Mid Cap,Feb-2025
139924,82380,1,Laurus Labs Ltd.,Healthcare,Healthcare,Domestic Equities,2217884.0,2255357.0,-1.6615107940782767,116.9268,131.7241,-11.233555590814436,3.96263035302706,1100,laurus-labs,Small Cap,Feb-2025
861,112211,1,Sai Life Sciences Ltd.,Healthcare,Healthcare,Domestic Equities,1597108.0,1597108.0,0.0,110.1845,104.8981,5.039557437169989,3.73413489579044,1100,sai-life-sciences,Small Cap,Feb-2025
58780,8388,1,Alembic Pharmaceuticals Ltd.,Healthcare,Healthcare,Domestic Equities,1423563.0,1423563.0,0.0,105.8633,130.9891,-19.181596025928872,3.58769012622948,1100,alembic-pharmaceuticals,Small Cap,Feb-2025
190355,99127,1,Vijaya Diagnostic Centre Ltd.,Healthcare,Healthcare,Domestic Equities,1019072.0,1019072.0,0.0,93.3215,105.4536,-11.50468073162036,3.16265055137073,1100,vijaya-diagnostic-centre,Small Cap,Feb-2025
152042,5623,1,Kovai Medical Center & Hospital Ltd.,Healthcare,Healthcare,Domestic Equities,165156.0,165156.0,0.0,88.78129999999999,90.5311,-1.9328164575488576,3.00878390720691,1100,kovai-medical-center-hospital,Small Cap,Feb-2025
152391,5643,1,Pfizer Ltd.,Healthcare,Healthcare,Domestic Equities,200644.0,198842.0,0.9062471711207892,81.27590000000001,90.2385,-9.93212431500967,2.75442711431076,1100,pfizer,Small Cap,Feb-2025
133360,5711,1,Procter & Gamble Health Ltd.,Healthcare,Healthcare,Domestic Equities,158704.0,158704.0,0.0,79.8924,85.42399999999999,-6.47546356995692,2.70754052292698,1100,procter-gamble-health,Small Cap,Feb-2025
57415,105415,1,Concord Biotech Ltd.,Healthcare,Healthcare,Domestic Equities,489774.0,583966.0,-16.129706181524266,73.27510000000001,125.8242,-41.763905512612034,2.48328129548652,1100,concord-biotech,Small Cap,Feb-2025
152425,8271,1,Indoco Remedies Ltd.,Healthcare,Healthcare,Domestic Equities,3233474.0,3233474.0,0.0,63.5281,80.8207,-21.39625120792073,2.15295704090198,1100,indoco-remedies,Small Cap,Feb-2025
37854,6333,1,Unichem Laboratories Ltd.,Healthcare,Healthcare,Domestic Equities,843858.0,735591.0,14.718369311206908,51.0492,51.9842,-1.7986234278877042,1.73004913687665,1100,unichem-laboratories,Small Cap,Feb-2025
96304,15914,1,Narayana Hrudayalaya Ltd.,Healthcare,Healthcare,Domestic Equities,321181.0,321181.0,0.0,46.3946,44.552600000000005,4.1344388430753725,1.5723054952034,1100,narayana-hrudayalaya,Small Cap,Feb-2025
171636,86629,1,ICICI Lombard General Insurance Company Ltd.,Insurance,Finance,Domestic Equities,241413.0,241413.0,0.0,40.8217,44.8666,-9.015392296273838,1.38344081495572,1100,icici-lombard-general-insurance-company,Mid Cap,Feb-2025
95406,100018,1,Emcure Pharmaceuticals Ltd.,Healthcare,Healthcare,Domestic Equities,342776.0,342776.0,0.0,33.6503,42.11,-20.089527428164327,1.14040322807488,1100,emcure-pharmaceuticals,Small Cap,Feb-2025
311,7883,1,Aarti Drugs Ltd.,Healthcare,Healthcare,Domestic Equities,852155.0,838808.0,1.5911865409008974,29.9405,34.005300000000005,-11.953430788729992,1.01467870569285,1100,aarti-drugs,Small Cap,Feb-2025
38931,15891,1,Alkem Laboratories Ltd.,Healthcare,Healthcare,Domestic Equities,37334.0,37334.0,0.0,17.3461,18.9024,-8.233346030133745,0.587856525335874,1100,alkem-laboratories,Mid Cap,Feb-2025
96373,16122,1,Thyrocare Technologies Ltd.,Healthcare,Healthcare,Domestic Equities,229064.0,229064.0,0.0,15.7493,18.285,-13.867651080120314,0.533741231427945,1100,thyrocare-technologies,Small Cap,Feb-2025
152211,6247,1,Lupin Ltd.,Healthcare,Healthcare,Domestic Equities,80146.0,80146.0,0.0,15.265,16.674,-8.450281875974577,0.517328382705744,1100,lupin,Mid Cap,Feb-2025
102214,109824,1,Jupiter Life Line Hospitals Ltd.,Healthcare,Healthcare,Domestic Equities,96478.0,96478.0,0.0,13.851300000000002,15.7172,-11.871707428804108,0.469418318203215,1100,jupiter-life-line-hospitals,Small Cap,Feb-2025
59506,99993,1,Medplus Health Services Ltd.,Healthcare,Healthcare,Domestic Equities,192078.0,192078.0,0.0,13.7259,13.894,-1.209874766086093,0.465168532471718,1100,medplus-health-services,Small Cap,Feb-2025
221905,112380,1,Laxmi Dental Ltd.,Healthcare,Healthcare,Domestic Equities,280401.0,280401.0,0.0,9.5126,13.8532,-31.33283284728438,0.322380476470794,1100,laxmi-dental,,Feb-2025
420,5071,1,Sun Pharmaceutical Industries Ltd.,Healthcare,Healthcare,Domestic Equities,1875450.0,1875450.0,0.0,325.3343,298.8061,8.878065072968724,10.7770679031107,1100,sun-pharmaceutical-industries,Large Cap,Mar-2025
178941,94376,1,Cohance Lifesciences Ltd.,Healthcare,Healthcare,Domestic Equities,2489539.0,2489539.0,0.0,286.5459,302.4043,-5.244105325221897,9.49215813290503,1100,cohance-lifesciences,Small Cap,Mar-2025
133330,5128,1,Cipla Ltd.,Healthcare,Healthcare,Domestic Equities,1790481.0,1790481.0,0.0,258.2232,252.0102,2.465376401431368,8.55393655252008,1100,cipla,Large Cap,Mar-2025
352,7184,1,Ipca Laboratories Ltd.,Healthcare,Healthcare,Domestic Equities,1603985.0,1603985.0,0.0,240.9025,217.3961,10.81270547171729,7.98016870809233,1100,ipca-laboratories,Mid Cap,Mar-2025
97743,96921,1,Gland Pharma Ltd.,Healthcare,Healthcare,Domestic Equities,920673.0,920673.0,0.0,146.608,142.9621,2.5502563266767915,4.85655638258632,1100,gland-pharma,Small Cap,Mar-2025
139924,82380,1,Laurus Labs Ltd.,Healthcare,Healthcare,Domestic Equities,2217884.0,2217884.0,0.0,136.045,116.9268,16.350571468645335,4.50664501984173,1100,laurus-labs,Small Cap,Mar-2025
58780,8388,1,Alembic Pharmaceuticals Ltd.,Healthcare,Healthcare,Domestic Equities,1423563.0,1423563.0,0.0,132.3558,105.8633,25.02519758972184,4.38443608303993,1100,alembic-pharmaceuticals,Small Cap,Mar-2025
38020,6672,1,Apollo Hospitals Enterprise Ltd.,Healthcare,Healthcare,Domestic Equities,194767.0,194767.0,0.0,128.8617,117.8847,9.311640950861316,4.26869005515336,1100,apollo-hospitals-enterprise,Mid Cap,Mar-2025
861,112211,1,Sai Life Sciences Ltd.,Healthcare,Healthcare,Domestic Equities,1597108.0,1597108.0,0.0,121.516,110.1845,10.284114371803652,4.02535540616037,1100,sai-life-sciences,Small Cap,Mar-2025
190355,99127,1,Vijaya Diagnostic Centre Ltd.,Healthcare,Healthcare,Domestic Equities,1019072.0,1019072.0,0.0,102.6409,93.3215,9.986337553511254,3.4000962976741,1100,vijaya-diagnostic-centre,Small Cap,Mar-2025
152042,5623,1,Kovai Medical Center & Hospital Ltd.,Healthcare,Healthcare,Domestic Equities,165156.0,165156.0,0.0,85.5591,88.78129999999999,-3.6293678961673166,2.83424228686935,1100,kovai-medical-center-hospital,Small Cap,Mar-2025
57415,105415,1,Concord Biotech Ltd.,Healthcare,Healthcare,Domestic Equities,489774.0,489774.0,0.0,82.31139999999999,73.27510000000001,12.332020017714056,2.72665853861737,1100,concord-biotech,Small Cap,Mar-2025
133360,5711,1,Procter & Gamble Health Ltd.,Healthcare,Healthcare,Domestic Equities,158704.0,158704.0,0.0,81.67699999999999,79.8924,2.233754399667553,2.70564331864907,1100,procter-gamble-health,Small Cap,Mar-2025
152391,5643,1,Pfizer Ltd.,Healthcare,Healthcare,Domestic Equities,200644.0,200644.0,0.0,80.3479,81.27590000000001,-1.1417898786725238,2.66161537277916,1100,pfizer,Small Cap,Mar-2025
152425,8271,1,Indoco Remedies Ltd.,Healthcare,Healthcare,Domestic Equities,3233474.0,3233474.0,0.0,75.3044,63.5281,18.537151276364305,2.49454371150847,1100,indoco-remedies,Small Cap,Mar-2025
37854,6333,1,Unichem Laboratories Ltd.,Healthcare,Healthcare,Domestic Equities,843858.0,843858.0,0.0,58.8085,51.0492,15.199650533211104,1.9480983031303,1100,unichem-laboratories,Small Cap,Mar-2025
96304,15914,1,Narayana Hrudayalaya Ltd.,Healthcare,Healthcare,Domestic Equities,321181.0,321181.0,0.0,54.3454,46.3946,17.137339259310348,1.80025305054435,1100,narayana-hrudayalaya,Small Cap,Mar-2025
171636,86629,1,ICICI Lombard General Insurance Company Ltd.,Insurance,Finance,Domestic Equities,241413.0,241413.0,0.0,43.2817,40.8217,6.026206649894542,1.43375543206501,1100,icici-lombard-general-insurance-company,Mid Cap,Mar-2025
95406,100018,1,Emcure Pharmaceuticals Ltd.,Healthcare,Healthcare,Domestic Equities,342776.0,342776.0,0.0,36.7593,33.6503,9.239144970475737,1.21769352991928,1100,emcure-pharmaceuticals,Small Cap,Mar-2025
311,7883,1,Aarti Drugs Ltd.,Healthcare,Healthcare,Domestic Equities,852155.0,852155.0,0.0,28.998800000000003,29.9405,-3.145238055476698,0.960618160177781,1100,aarti-drugs,Small Cap,Mar-2025
38931,15891,1,Alkem Laboratories Ltd.,Healthcare,Healthcare,Domestic Equities,37334.0,37334.0,0.0,18.2253,17.3461,5.068574492248983,0.603733746040806,1100,alkem-laboratories,Mid Cap,Mar-2025
96373,16122,1,Thyrocare Technologies Ltd.,Healthcare,Healthcare,Domestic Equities,229064.0,229064.0,0.0,15.5683,15.7493,-1.1492574273142384,0.515717605662847,1100,thyrocare-technologies,Small Cap,Mar-2025
102214,109824,1,Jupiter Life Line Hospitals Ltd.,Healthcare,Healthcare,Domestic Equities,96478.0,96478.0,0.0,15.4032,13.851300000000002,11.204002512399546,0.510248480794047,1100,jupiter-life-line-hospitals,Small Cap,Mar-2025
59506,99993,1,Medplus Health Services Ltd.,Healthcare,Healthcare,Domestic Equities,192078.0,192078.0,0.0,14.5979,13.7259,6.352953176112316,0.483572004374637,1100,medplus-health-services,Small Cap,Mar-2025
221905,112380,1,Laxmi Dental Ltd.,Healthcare,Healthcare,Domestic Equities,280401.0,280401.0,0.0,12.4821,9.5126,31.216491810861392,0.413483728194101,1100,laxmi-dental,,Mar-2025
178941,94376,1,Cohance Lifesciences Ltd.,Healthcare,Healthcare,Domestic Equities,2489539.0,2489539.0,0.0,283.0855,286.5459,-1.207625026217443,9.72131133917356,1100,cohance-lifesciences,Small Cap,Apr-2025
420,5071,1,Sun Pharmaceutical Industries Ltd.,Healthcare,Healthcare,Domestic Equities,1535592.0,1875450.0,-18.121410861393265,281.36650000000003,325.3343,-13.514652466708856,9.66227993632163,1100,sun-pharmaceutical-industries,Large Cap,Apr-2025
133330,5128,1,Cipla Ltd.,Healthcare,Healthcare,Domestic Equities,1790481.0,1790481.0,0.0,277.5425,258.2232,7.481628296760324,9.53096167890117,1100,cipla,Large Cap,Apr-2025
352,7184,1,Ipca Laboratories Ltd.,Healthcare,Healthcare,Domestic Equities,1696381.0,1603985.0,5.760402996287372,237.6969,240.9025,-1.3306628200205532,8.16264192004325,1100,ipca-laboratories,Mid Cap,Apr-2025
38020,6672,1,Apollo Hospitals Enterprise Ltd.,Healthcare,Healthcare,Domestic Equities,194767.0,194767.0,0.0,135.8889,128.8617,5.453288292797622,4.66649935951443,1100,apollo-hospitals-enterprise,Mid Cap,Apr-2025
139924,82380,1,Laurus Labs Ltd.,Healthcare,Healthcare,Domestic Equities,2217884.0,2217884.0,0.0,133.92690000000002,136.045,-1.5569113161086368,4.59912320337977,1100,laurus-labs,Small Cap,Apr-2025
97743,96921,1,Gland Pharma Ltd.,Healthcare,Healthcare,Domestic Equities,920673.0,920673.0,0.0,128.8942,146.608,-12.08242387864236,4.42629752500112,1100,gland-pharma,Small Cap,Apr-2025
58780,8388,1,Alembic Pharmaceuticals Ltd.,Healthcare,Healthcare,Domestic Equities,1428180.0,1423563.0,0.3243270582334607,125.0443,132.3558,-5.524125123341777,4.29408984737481,1100,alembic-pharmaceuticals,Small Cap,Apr-2025
861,112211,1,Sai Life Sciences Ltd.,Healthcare,Healthcare,Domestic Equities,1597108.0,1597108.0,0.0,111.2865,121.516,-8.41823298989434,3.82163944937815,1100,sai-life-sciences,Small Cap,Apr-2025
190355,99127,1,Vijaya Diagnostic Centre Ltd.,Healthcare,Healthcare,Domestic Equities,935530.0,1019072.0,-8.197850593481128,93.5998,102.6409,-8.808476932684735,3.21426847042458,1100,vijaya-diagnostic-centre,Small Cap,Apr-2025
152042,5623,1,Kovai Medical Center & Hospital Ltd.,Healthcare,Healthcare,Domestic Equities,165156.0,165156.0,0.0,91.835,85.5591,7.33516364711644,3.15366427045187,1100,kovai-medical-center-hospital,Small Cap,Apr-2025
152391,5643,1,Pfizer Ltd.,Healthcare,Healthcare,Domestic Equities,200644.0,200644.0,0.0,86.1325,80.3479,7.199441429085265,2.95783729269555,1100,pfizer,Small Cap,Apr-2025
133360,5711,1,Procter & Gamble Health Ltd.,Healthcare,Healthcare,Domestic Equities,158704.0,158704.0,0.0,80.6534,81.67699999999999,-1.2532291832461977,2.76968199347159,1100,procter-gamble-health,Small Cap,Apr-2025
152425,8271,1,Indoco Remedies Ltd.,Healthcare,Healthcare,Domestic Equities,3233474.0,3233474.0,0.0,75.2009,75.3044,-0.1374421680539179,2.58244015283742,1100,indoco-remedies,Small Cap,Apr-2025
57415,105415,1,Concord Biotech Ltd.,Healthcare,Healthcare,Domestic Equities,489774.0,489774.0,0.0,74.3771,82.31139999999999,-9.63936951625169,2.5541504089925,1100,concord-biotech,Small Cap,Apr-2025
37854,6333,1,Unichem Laboratories Ltd.,Healthcare,Healthcare,Domestic Equities,852063.0,843858.0,0.9723199874860462,51.3283,58.8085,-12.719589855208014,1.76264197498813,1100,unichem-laboratories,Small Cap,Apr-2025
171636,86629,1,ICICI Lombard General Insurance Company Ltd.,Insurance,Finance,Domestic Equities,241413.0,241413.0,0.0,45.3011,43.2817,4.665713222909442,1.55566462113756,1100,icici-lombard-general-insurance-company,Mid Cap,Apr-2025
96304,15914,1,Narayana Hrudayalaya Ltd.,Healthcare,Healthcare,Domestic Equities,248442.0,321181.0,-22.647354606903896,43.7382,54.3454,-19.51811928884506,1.5019937779047,1100,narayana-hrudayalaya,Small Cap,Apr-2025
95406,100018,1,Emcure Pharmaceuticals Ltd.,Healthcare,Healthcare,Domestic Equities,342776.0,342776.0,0.0,35.0283,36.7593,-4.709012413185232,1.20289103462372,1100,emcure-pharmaceuticals,Small Cap,Apr-2025
311,7883,1,Aarti Drugs Ltd.,Healthcare,Healthcare,Domestic Equities,852155.0,852155.0,0.0,29.7402,28.998800000000003,2.5566575168627623,1.02129478016108,1100,aarti-drugs,Small Cap,Apr-2025
96373,16122,1,Thyrocare Technologies Ltd.,Healthcare,Healthcare,Domestic Equities,229064.0,229064.0,0.0,20.1141,15.5683,29.19907761284149,0.690729226354832,1100,thyrocare-technologies,Small Cap,Apr-2025
38931,15891,1,Alkem Laboratories Ltd.,Healthcare,Healthcare,Domestic Equities,37334.0,37334.0,0.0,19.1001,18.2253,4.799920988954916,0.655907910187378,1100,alkem-laboratories,Mid Cap,Apr-2025
59506,99993,1,Medplus Health Services Ltd.,Healthcare,Healthcare,Domestic Equities,192078.0,192078.0,0.0,15.4844,14.5979,6.072791291898156,0.531742789017096,1100,medplus-health-services,Small Cap,Apr-2025
102214,109824,1,Jupiter Life Line Hospitals Ltd.,Healthcare,Healthcare,Domestic Equities,94117.0,96478.0,-2.4471900329608824,13.8126,15.4032,-10.326425677781238,0.474332260053831,1100,jupiter-life-line-hospitals,Small Cap,Apr-2025
221905,112380,1,Laxmi Dental Ltd.,Healthcare,Healthcare,Domestic Equities,280401.0,280401.0,0.0,10.9819,12.4821,-12.018810937262158,0.377124469447111,1100,laxmi-dental,,Apr-2025
133330,5128,1,Cipla Ltd.,Healthcare,Healthcare,Domestic Equities,1790481.0,1790481.0,0.0,262.43080000000003,277.5425,-5.444823765729566,8.86182507385366,1100,cipla,Large Cap,May-2025
178941,94376,1,Cohance Lifesciences Ltd.,Healthcare,Healthcare,Domestic Equities,2489539.0,2489539.0,0.0,260.829,283.0855,-7.862112330020428,8.807735114126,1100,cohance-lifesciences,Small Cap,May-2025
420,5071,1,Sun Pharmaceutical Industries Ltd.,Healthcare,Healthcare,Domestic Equities,1535592.0,1535592.0,0.0,257.6109,281.36650000000003,-8.442938302889653,8.69906555525498,1100,sun-pharmaceutical-industries,Large Cap,May-2025
352,7184,1,Ipca Laboratories Ltd.,Healthcare,Healthcare,Domestic Equities,1696381.0,1696381.0,0.0,241.7004,237.6969,1.6842878472542226,8.16179604330155,1100,ipca-laboratories,Mid Cap,May-2025
97743,96921,1,Gland Pharma Ltd.,Healthcare,Healthcare,Domestic Equities,920673.0,920673.0,0.0,146.25809999999998,128.8942,13.47143626322984,4.93887797405715,1100,gland-pharma,Small Cap,May-2025
58780,8388,1,Alembic Pharmaceuticals Ltd.,Healthcare,Healthcare,Domestic Equities,1428180.0,1428180.0,0.0,145.3959,125.0443,16.275511958561882,4.90976300135319,1100,alembic-pharmaceuticals,Small Cap,May-2025
139924,82380,1,Laurus Labs Ltd.,Healthcare,Healthcare,Domestic Equities,2217884.0,2217884.0,0.0,135.2022,133.92690000000002,0.9522358839038224,4.5655397384765,1100,laurus-labs,Small Cap,May-2025
38020,6672,1,Apollo Hospitals Enterprise Ltd.,Healthcare,Healthcare,Domestic Equities,194767.0,194767.0,0.0,134.0094,135.8889,-1.383115177177819,4.52526098709483,1100,apollo-hospitals-enterprise,Mid Cap,May-2025
861,112211,1,Sai Life Sciences Ltd.,Healthcare,Healthcare,Domestic Equities,1597108.0,1597108.0,0.0,120.8931,111.2865,8.632313892520656,4.0823466789565,1100,sai-life-sciences,Small Cap,May-2025
152391,5643,1,Pfizer Ltd.,Healthcare,Healthcare,Domestic Equities,200644.0,200644.0,0.0,112.6275,86.1325,30.760746524250425,3.80323195107226,1100,pfizer,Small Cap,May-2025
152042,5623,1,Kovai Medical Center & Hospital Ltd.,Healthcare,Healthcare,Domestic Equities,165156.0,165156.0,0.0,102.1151,91.835,11.194098110742097,3.44824675152107,1100,kovai-medical-center-hospital,Small Cap,May-2025
133360,5711,1,Procter & Gamble Health Ltd.,Healthcare,Healthcare,Domestic Equities,158704.0,158704.0,0.0,91.2231,80.6534,13.105089184088945,3.08044312974948,1100,procter-gamble-health,Small Cap,May-2025
190355,99127,1,Vijaya Diagnostic Centre Ltd.,Healthcare,Healthcare,Domestic Equities,935530.0,935530.0,0.0,89.4647,93.5998,-4.417851320195132,3.02106506433237,1100,vijaya-diagnostic-centre,Small Cap,May-2025
57415,105415,1,Concord Biotech Ltd.,Healthcare,Healthcare,Domestic Equities,489774.0,489774.0,0.0,85.637,74.3771,15.13893389228675,2.89181038906106,1100,concord-biotech,Small Cap,May-2025
152425,8271,1,Indoco Remedies Ltd.,Healthcare,Healthcare,Domestic Equities,3233474.0,3233474.0,0.0,81.0567,75.2009,7.786874891124971,2.7371417397037,1100,indoco-remedies,Small Cap,May-2025
37854,6333,1,Unichem Laboratories Ltd.,Healthcare,Healthcare,Domestic Equities,852063.0,852063.0,0.0,50.9704,51.3283,-0.6972761614937562,1.72118047403106,1100,unichem-laboratories,Small Cap,May-2025
95406,100018,1,Emcure Pharmaceuticals Ltd.,Healthcare,Healthcare,Domestic Equities,342776.0,342776.0,0.0,45.5858,35.0283,30.13991543980153,1.53935203280895,1100,emcure-pharmaceuticals,Small Cap,May-2025
171636,86629,1,ICICI Lombard General Insurance Company Ltd.,Insurance,Finance,Domestic Equities,241413.0,241413.0,0.0,45.2746,45.3011,-0.0584974757787258,1.52884335790119,1100,icici-lombard-general-insurance-company,Mid Cap,May-2025
311,7883,1,Aarti Drugs Ltd.,Healthcare,Healthcare,Domestic Equities,852155.0,852155.0,0.0,37.8229,29.7402,27.177692147329203,1.27721259694312,1100,aarti-drugs,Small Cap,May-2025
96304,15914,1,Narayana Hrudayalaya Ltd.,Healthcare,Healthcare,Domestic Equities,138465.0,248442.0,-44.26666988673413,24.1469,43.7382,-44.79219538069696,0.815398207359186,1100,narayana-hrudayalaya,Small Cap,May-2025
96373,16122,1,Thyrocare Technologies Ltd.,Healthcare,Healthcare,Domestic Equities,229064.0,229064.0,0.0,24.0334,20.1141,19.485336157223045,0.811565512622583,1100,thyrocare-technologies,Small Cap,May-2025
38931,15891,1,Alkem Laboratories Ltd.,Healthcare,Healthcare,Domestic Equities,37334.0,37334.0,0.0,19.0347,19.1001,-0.3424065842587193,0.642768233504918,1100,alkem-laboratories,Mid Cap,May-2025
59506,99993,1,Medplus Health Services Ltd.,Healthcare,Healthcare,Domestic Equities,192078.0,192078.0,0.0,18.5624,15.4844,19.878070832579883,0.626819495847672,1100,medplus-health-services,Small Cap,May-2025
102214,109824,1,Jupiter Life Line Hospitals Ltd.,Healthcare,Healthcare,Domestic Equities,94117.0,94117.0,0.0,13.7863,13.8126,-0.1904058613150226,0.465539025966726,1100,jupiter-life-line-hospitals,Small Cap,May-2025
221905,112380,1,Laxmi Dental Ltd.,Healthcare,Healthcare,Domestic Equities,280401.0,280401.0,0.0,10.7604,10.9819,-2.0169551716916096,0.363359721971259,1100,laxmi-dental,,May-2025
